Dynamical matrix file
phonons of Si                                                              
  1    2  2 10.2000000  0.0000000  0.0000000  0.0000000  0.0000000  0.0000000
           1  'Si  '    25598.822984527003     
    1    1      0.0000000000      0.0000000000      0.0000000000
    2    1      0.2500000000      0.2500000000      0.2500000000

     Dynamical  Matrix in cartesian axes

     q = (    0.750000000  -0.250000000   0.750000000 ) 

    1    1
  0.25610089   0.00000000    -0.00651895   0.00928406     0.00678968   0.00000000
 -0.00651895  -0.00928406     0.30810062   0.00000000    -0.00651895  -0.00928406
  0.00678968   0.00000000    -0.00651895   0.00928406     0.25610089   0.00000000
    1    2
 -0.06219216   0.06376601    -0.04323259   0.04580824    -0.04352750  -0.14393036
 -0.04323259   0.04580824    -0.05993714   0.08316184    -0.04323259   0.04580824
 -0.04352750  -0.14393036    -0.04323259   0.04580824    -0.06219216   0.06376601
    2    1
 -0.06219216  -0.06376601    -0.04323259  -0.04580824    -0.04352750   0.14393036
 -0.04323259  -0.04580824    -0.05993714  -0.08316184    -0.04323259  -0.04580824
 -0.04352750   0.14393036    -0.04323259  -0.04580824    -0.06219216  -0.06376601
    2    2
  0.25610089  -0.00000000    -0.00651895  -0.00928406     0.00678968  -0.00000000
 -0.00651895   0.00928406     0.30810062  -0.00000000    -0.00651895   0.00928406
  0.00678968  -0.00000000    -0.00651895  -0.00928406     0.25610089  -0.00000000

     Dynamical  Matrix in cartesian axes

     q = (    0.750000000  -0.250000000  -0.750000000 ) 

    1    1
  0.25610089   0.00000000    -0.00651895  -0.00928406    -0.00678968   0.00000000
 -0.00651895   0.00928406     0.30810062  -0.00000000     0.00651895  -0.00928406
 -0.00678968   0.00000000     0.00651895   0.00928406     0.25610089   0.00000000
    1    2
 -0.06376601   0.06219216    -0.04580824   0.04323259    -0.14393036  -0.04352750
 -0.04580824   0.04323259    -0.08316184   0.05993714     0.04580824  -0.04323259
 -0.14393036  -0.04352750     0.04580824  -0.04323259    -0.06376601   0.06219216
    2    1
 -0.06376601  -0.06219216    -0.04580824  -0.04323259    -0.14393036   0.04352750
 -0.04580824  -0.04323259    -0.08316184  -0.05993714     0.04580824   0.04323259
 -0.14393036   0.04352750     0.04580824   0.04323259    -0.06376601  -0.06219216
    2    2
  0.25610089   0.00000000    -0.00651895   0.00928406    -0.00678968   0.00000000
 -0.00651895  -0.00928406     0.30810062   0.00000000     0.00651895   0.00928406
 -0.00678968   0.00000000     0.00651895  -0.00928406     0.25610089   0.00000000

     Dynamical  Matrix in cartesian axes

     q = (   -0.750000000  -0.250000000  -0.750000000 ) 

    1    1
  0.25610089  -0.00000000     0.00651895  -0.00928406     0.00678968  -0.00000000
  0.00651895   0.00928406     0.30810062  -0.00000000     0.00651895   0.00928406
  0.00678968  -0.00000000     0.00651895  -0.00928406     0.25610089  -0.00000000
    1    2
  0.06376601   0.06219216    -0.04580824  -0.04323259    -0.14393036   0.04352750
 -0.04580824  -0.04323259     0.08316184   0.05993714    -0.04580824  -0.04323259
 -0.14393036   0.04352750    -0.04580824  -0.04323259     0.06376601   0.06219216
    2    1
  0.06376601  -0.06219216    -0.04580824   0.04323259    -0.14393036  -0.04352750
 -0.04580824   0.04323259     0.08316184  -0.05993714    -0.04580824   0.04323259
 -0.14393036  -0.04352750    -0.04580824   0.04323259     0.06376601  -0.06219216
    2    2
  0.25610089   0.00000000     0.00651895   0.00928406     0.00678968   0.00000000
  0.00651895  -0.00928406     0.30810062   0.00000000     0.00651895  -0.00928406
  0.00678968   0.00000000     0.00651895   0.00928406     0.25610089   0.00000000

     Dynamical  Matrix in cartesian axes

     q = (   -0.750000000  -0.250000000   0.750000000 ) 

    1    1
  0.25610089   0.00000000     0.00651895   0.00928406    -0.00678968   0.00000000
  0.00651895  -0.00928406     0.30810062   0.00000000    -0.00651895   0.00928406
 -0.00678968   0.00000000    -0.00651895  -0.00928406     0.25610089   0.00000000
    1    2
 -0.06376601   0.06219216     0.04580824  -0.04323259    -0.14393036  -0.04352750
  0.04580824  -0.04323259    -0.08316184   0.05993714    -0.04580824   0.04323259
 -0.14393036  -0.04352750    -0.04580824   0.04323259    -0.06376601   0.06219216
    2    1
 -0.06376601  -0.06219216     0.04580824   0.04323259    -0.14393036   0.04352750
  0.04580824   0.04323259    -0.08316184  -0.05993714    -0.04580824  -0.04323259
 -0.14393036   0.04352750    -0.04580824  -0.04323259    -0.06376601  -0.06219216
    2    2
  0.25610089   0.00000000     0.00651895  -0.00928406    -0.00678968   0.00000000
  0.00651895   0.00928406     0.30810062  -0.00000000    -0.00651895  -0.00928406
 -0.00678968   0.00000000    -0.00651895   0.00928406     0.25610089   0.00000000

     Dynamical  Matrix in cartesian axes

     q = (   -0.750000000   0.250000000  -0.750000000 ) 

    1    1
  0.25610089  -0.00000000    -0.00651895  -0.00928406     0.00678968  -0.00000000
 -0.00651895   0.00928406     0.30810062  -0.00000000    -0.00651895   0.00928406
  0.00678968  -0.00000000    -0.00651895  -0.00928406     0.25610089  -0.00000000
    1    2
 -0.06219216  -0.06376601    -0.04323259  -0.04580824    -0.04352750   0.14393036
 -0.04323259  -0.04580824    -0.05993714  -0.08316184    -0.04323259  -0.04580824
 -0.04352750   0.14393036    -0.04323259  -0.04580824    -0.06219216  -0.06376601
    2    1
 -0.06219216   0.06376601    -0.04323259   0.04580824    -0.04352750  -0.14393036
 -0.04323259   0.04580824    -0.05993714   0.08316184    -0.04323259   0.04580824
 -0.04352750  -0.14393036    -0.04323259   0.04580824    -0.06219216   0.06376601
    2    2
  0.25610089   0.00000000    -0.00651895   0.00928406     0.00678968   0.00000000
 -0.00651895  -0.00928406     0.30810062   0.00000000    -0.00651895  -0.00928406
  0.00678968   0.00000000    -0.00651895   0.00928406     0.25610089   0.00000000

     Dynamical  Matrix in cartesian axes

     q = (   -0.250000000   0.750000000  -0.750000000 ) 

    1    1
  0.30810062  -0.00000000    -0.00651895   0.00928406     0.00651895  -0.00928406
 -0.00651895  -0.00928406     0.25610089  -0.00000000    -0.00678968   0.00000000
  0.00651895   0.00928406    -0.00678968   0.00000000     0.25610089  -0.00000000
    1    2
 -0.08316184   0.05993714    -0.04580824   0.04323259     0.04580824  -0.04323259
 -0.04580824   0.04323259    -0.06376601   0.06219216    -0.14393036  -0.04352750
  0.04580824  -0.04323259    -0.14393036  -0.04352750    -0.06376601   0.06219216
    2    1
 -0.08316184  -0.05993714    -0.04580824  -0.04323259     0.04580824   0.04323259
 -0.04580824  -0.04323259    -0.06376601  -0.06219216    -0.14393036   0.04352750
  0.04580824   0.04323259    -0.14393036   0.04352750    -0.06376601  -0.06219216
    2    2
  0.30810062   0.00000000    -0.00651895  -0.00928406     0.00651895   0.00928406
 -0.00651895   0.00928406     0.25610089   0.00000000    -0.00678968  -0.00000000
  0.00651895  -0.00928406    -0.00678968  -0.00000000     0.25610089   0.00000000

     Dynamical  Matrix in cartesian axes

     q = (   -0.750000000   0.750000000  -0.250000000 ) 

    1    1
  0.25610089  -0.00000000    -0.00678968   0.00000000     0.00651895   0.00928406
 -0.00678968   0.00000000     0.25610089  -0.00000000    -0.00651895  -0.00928406
  0.00651895  -0.00928406    -0.00651895   0.00928406     0.30810062  -0.00000000
    1    2
 -0.06376601   0.06219216    -0.14393036  -0.04352750     0.04580824  -0.04323259
 -0.14393036  -0.04352750    -0.06376601   0.06219216    -0.04580824   0.04323259
  0.04580824  -0.04323259    -0.04580824   0.04323259    -0.08316184   0.05993714
    2    1
 -0.06376601  -0.06219216    -0.14393036   0.04352750     0.04580824   0.04323259
 -0.14393036   0.04352750    -0.06376601  -0.06219216    -0.04580824  -0.04323259
  0.04580824   0.04323259    -0.04580824  -0.04323259    -0.08316184  -0.05993714
    2    2
  0.25610089   0.00000000    -0.00678968  -0.00000000     0.00651895  -0.00928406
 -0.00678968  -0.00000000     0.25610089   0.00000000    -0.00651895   0.00928406
  0.00651895   0.00928406    -0.00651895  -0.00928406     0.30810062   0.00000000

     Dynamical  Matrix in cartesian axes

     q = (    0.750000000   0.250000000   0.750000000 ) 

    1    1
  0.25610089   0.00000000     0.00651895   0.00928406     0.00678968   0.00000000
  0.00651895  -0.00928406     0.30810062   0.00000000     0.00651895  -0.00928406
  0.00678968   0.00000000     0.00651895   0.00928406     0.25610089   0.00000000
    1    2
  0.06376601  -0.06219216    -0.04580824   0.04323259    -0.14393036  -0.04352750
 -0.04580824   0.04323259     0.08316184  -0.05993714    -0.04580824   0.04323259
 -0.14393036  -0.04352750    -0.04580824   0.04323259     0.06376601  -0.06219216
    2    1
  0.06376601   0.06219216    -0.04580824  -0.04323259    -0.14393036   0.04352750
 -0.04580824  -0.04323259     0.08316184   0.05993714    -0.04580824  -0.04323259
 -0.14393036   0.04352750    -0.04580824  -0.04323259     0.06376601   0.06219216
    2    2
  0.25610089  -0.00000000     0.00651895  -0.00928406     0.00678968  -0.00000000
  0.00651895   0.00928406     0.30810062  -0.00000000     0.00651895   0.00928406
  0.00678968  -0.00000000     0.00651895  -0.00928406     0.25610089  -0.00000000

     Dynamical  Matrix in cartesian axes

     q = (   -0.750000000   0.250000000   0.750000000 ) 

    1    1
  0.25610089   0.00000000    -0.00651895   0.00928406    -0.00678968   0.00000000
 -0.00651895  -0.00928406     0.30810062   0.00000000     0.00651895   0.00928406
 -0.00678968   0.00000000     0.00651895  -0.00928406     0.25610089   0.00000000
    1    2
 -0.06376601  -0.06219216    -0.04580824  -0.04323259    -0.14393036   0.04352750
 -0.04580824  -0.04323259    -0.08316184  -0.05993714     0.04580824   0.04323259
 -0.14393036   0.04352750     0.04580824   0.04323259    -0.06376601  -0.06219216
    2    1
 -0.06376601   0.06219216    -0.04580824   0.04323259    -0.14393036  -0.04352750
 -0.04580824   0.04323259    -0.08316184   0.05993714     0.04580824  -0.04323259
 -0.14393036  -0.04352750     0.04580824  -0.04323259    -0.06376601   0.06219216
    2    2
  0.25610089   0.00000000    -0.00651895  -0.00928406    -0.00678968   0.00000000
 -0.00651895   0.00928406     0.30810062  -0.00000000     0.00651895  -0.00928406
 -0.00678968   0.00000000     0.00651895   0.00928406     0.25610089   0.00000000

     Dynamical  Matrix in cartesian axes

     q = (    0.750000000   0.250000000  -0.750000000 ) 

    1    1
  0.25610089   0.00000000     0.00651895  -0.00928406    -0.00678968   0.00000000
  0.00651895   0.00928406     0.30810062  -0.00000000    -0.00651895  -0.00928406
 -0.00678968   0.00000000    -0.00651895   0.00928406     0.25610089   0.00000000
    1    2
 -0.06376601  -0.06219216     0.04580824   0.04323259    -0.14393036   0.04352750
  0.04580824   0.04323259    -0.08316184  -0.05993714    -0.04580824  -0.04323259
 -0.14393036   0.04352750    -0.04580824  -0.04323259    -0.06376601  -0.06219216
    2    1
 -0.06376601   0.06219216     0.04580824  -0.04323259    -0.14393036  -0.04352750
  0.04580824  -0.04323259    -0.08316184   0.05993714    -0.04580824   0.04323259
 -0.14393036  -0.04352750    -0.04580824   0.04323259    -0.06376601   0.06219216
    2    2
  0.25610089   0.00000000     0.00651895   0.00928406    -0.00678968   0.00000000
  0.00651895  -0.00928406     0.30810062   0.00000000    -0.00651895   0.00928406
 -0.00678968   0.00000000    -0.00651895  -0.00928406     0.25610089   0.00000000

     Dynamical  Matrix in cartesian axes

     q = (   -0.750000000   0.750000000   0.250000000 ) 

    1    1
  0.25610089   0.00000000    -0.00678968  -0.00000000    -0.00651895   0.00928406
 -0.00678968  -0.00000000     0.25610089   0.00000000     0.00651895  -0.00928406
 -0.00651895  -0.00928406     0.00651895   0.00928406     0.30810062   0.00000000
    1    2
 -0.06376601  -0.06219216    -0.14393036   0.04352750    -0.04580824  -0.04323259
 -0.14393036   0.04352750    -0.06376601  -0.06219216     0.04580824   0.04323259
 -0.04580824  -0.04323259     0.04580824   0.04323259    -0.08316184  -0.05993714
    2    1
 -0.06376601   0.06219216    -0.14393036  -0.04352750    -0.04580824   0.04323259
 -0.14393036  -0.04352750    -0.06376601   0.06219216     0.04580824  -0.04323259
 -0.04580824   0.04323259     0.04580824  -0.04323259    -0.08316184   0.05993714
    2    2
  0.25610089  -0.00000000    -0.00678968   0.00000000    -0.00651895  -0.00928406
 -0.00678968   0.00000000     0.25610089  -0.00000000     0.00651895   0.00928406
 -0.00651895   0.00928406     0.00651895  -0.00928406     0.30810062  -0.00000000

     Dynamical  Matrix in cartesian axes

     q = (   -0.250000000   0.750000000   0.750000000 ) 

    1    1
  0.30810062   0.00000000    -0.00651895  -0.00928406    -0.00651895  -0.00928406
 -0.00651895   0.00928406     0.25610089   0.00000000     0.00678968  -0.00000000
 -0.00651895   0.00928406     0.00678968  -0.00000000     0.25610089   0.00000000
    1    2
 -0.05993714   0.08316184    -0.04323259   0.04580824    -0.04323259   0.04580824
 -0.04323259   0.04580824    -0.06219216   0.06376601    -0.04352750  -0.14393036
 -0.04323259   0.04580824    -0.04352750  -0.14393036    -0.06219216   0.06376601
    2    1
 -0.05993714  -0.08316184    -0.04323259  -0.04580824    -0.04323259  -0.04580824
 -0.04323259  -0.04580824    -0.06219216  -0.06376601    -0.04352750   0.14393036
 -0.04323259  -0.04580824    -0.04352750   0.14393036    -0.06219216  -0.06376601
    2    2
  0.30810062  -0.00000000    -0.00651895   0.00928406    -0.00651895   0.00928406
 -0.00651895  -0.00928406     0.25610089  -0.00000000     0.00678968   0.00000000
 -0.00651895  -0.00928406     0.00678968   0.00000000     0.25610089  -0.00000000

     Dynamical  Matrix in cartesian axes

     q = (    0.250000000   0.750000000  -0.750000000 ) 

    1    1
  0.30810062  -0.00000000     0.00651895   0.00928406    -0.00651895  -0.00928406
  0.00651895  -0.00928406     0.25610089  -0.00000000    -0.00678968   0.00000000
 -0.00651895   0.00928406    -0.00678968   0.00000000     0.25610089  -0.00000000
    1    2
 -0.08316184  -0.05993714     0.04580824   0.04323259    -0.04580824  -0.04323259
  0.04580824   0.04323259    -0.06376601  -0.06219216    -0.14393036   0.04352750
 -0.04580824  -0.04323259    -0.14393036   0.04352750    -0.06376601  -0.06219216
    2    1
 -0.08316184   0.05993714     0.04580824  -0.04323259    -0.04580824   0.04323259
  0.04580824  -0.04323259    -0.06376601   0.06219216    -0.14393036  -0.04352750
 -0.04580824   0.04323259    -0.14393036  -0.04352750    -0.06376601   0.06219216
    2    2
  0.30810062   0.00000000     0.00651895  -0.00928406    -0.00651895   0.00928406
  0.00651895   0.00928406     0.25610089   0.00000000    -0.00678968  -0.00000000
 -0.00651895  -0.00928406    -0.00678968  -0.00000000     0.25610089   0.00000000

     Dynamical  Matrix in cartesian axes

     q = (   -0.250000000  -0.750000000  -0.750000000 ) 

    1    1
  0.30810062  -0.00000000     0.00651895   0.00928406     0.00651895   0.00928406
  0.00651895  -0.00928406     0.25610089  -0.00000000     0.00678968   0.00000000
  0.00651895  -0.00928406     0.00678968   0.00000000     0.25610089  -0.00000000
    1    2
  0.08316184   0.05993714    -0.04580824  -0.04323259    -0.04580824  -0.04323259
 -0.04580824  -0.04323259     0.06376601   0.06219216    -0.14393036   0.04352750
 -0.04580824  -0.04323259    -0.14393036   0.04352750     0.06376601   0.06219216
    2    1
  0.08316184  -0.05993714    -0.04580824   0.04323259    -0.04580824   0.04323259
 -0.04580824   0.04323259     0.06376601  -0.06219216    -0.14393036  -0.04352750
 -0.04580824   0.04323259    -0.14393036  -0.04352750     0.06376601  -0.06219216
    2    2
  0.30810062   0.00000000     0.00651895  -0.00928406     0.00651895  -0.00928406
  0.00651895   0.00928406     0.25610089   0.00000000     0.00678968  -0.00000000
  0.00651895   0.00928406     0.00678968  -0.00000000     0.25610089   0.00000000

     Dynamical  Matrix in cartesian axes

     q = (    0.750000000   0.750000000  -0.250000000 ) 

    1    1
  0.25610089  -0.00000000     0.00678968  -0.00000000    -0.00651895   0.00928406
  0.00678968  -0.00000000     0.25610089  -0.00000000    -0.00651895   0.00928406
 -0.00651895  -0.00928406    -0.00651895  -0.00928406     0.30810062  -0.00000000
    1    2
 -0.06219216   0.06376601    -0.04352750  -0.14393036    -0.04323259   0.04580824
 -0.04352750  -0.14393036    -0.06219216   0.06376601    -0.04323259   0.04580824
 -0.04323259   0.04580824    -0.04323259   0.04580824    -0.05993714   0.08316184
    2    1
 -0.06219216  -0.06376601    -0.04352750   0.14393036    -0.04323259  -0.04580824
 -0.04352750   0.14393036    -0.06219216  -0.06376601    -0.04323259  -0.04580824
 -0.04323259  -0.04580824    -0.04323259  -0.04580824    -0.05993714  -0.08316184
    2    2
  0.25610089   0.00000000     0.00678968   0.00000000    -0.00651895  -0.00928406
  0.00678968   0.00000000     0.25610089   0.00000000    -0.00651895  -0.00928406
 -0.00651895   0.00928406    -0.00651895   0.00928406     0.30810062   0.00000000

     Dynamical  Matrix in cartesian axes

     q = (    0.750000000  -0.750000000   0.250000000 ) 

    1    1
  0.25610089   0.00000000    -0.00678968  -0.00000000     0.00651895  -0.00928406
 -0.00678968  -0.00000000     0.25610089   0.00000000    -0.00651895   0.00928406
  0.00651895   0.00928406    -0.00651895  -0.00928406     0.30810062   0.00000000
    1    2
 -0.06376601  -0.06219216    -0.14393036   0.04352750     0.04580824   0.04323259
 -0.14393036   0.04352750    -0.06376601  -0.06219216    -0.04580824  -0.04323259
  0.04580824   0.04323259    -0.04580824  -0.04323259    -0.08316184  -0.05993714
    2    1
 -0.06376601   0.06219216    -0.14393036  -0.04352750     0.04580824  -0.04323259
 -0.14393036  -0.04352750    -0.06376601   0.06219216    -0.04580824   0.04323259
  0.04580824  -0.04323259    -0.04580824   0.04323259    -0.08316184   0.05993714
    2    2
  0.25610089  -0.00000000    -0.00678968   0.00000000     0.00651895   0.00928406
 -0.00678968   0.00000000     0.25610089  -0.00000000    -0.00651895  -0.00928406
  0.00651895  -0.00928406    -0.00651895   0.00928406     0.30810062  -0.00000000

     Dynamical  Matrix in cartesian axes

     q = (   -0.750000000  -0.750000000  -0.250000000 ) 

    1    1
  0.25610089   0.00000000     0.00678968   0.00000000     0.00651895  -0.00928406
  0.00678968   0.00000000     0.25610089   0.00000000     0.00651895  -0.00928406
  0.00651895   0.00928406     0.00651895   0.00928406     0.30810062   0.00000000
    1    2
  0.06376601   0.06219216    -0.14393036   0.04352750    -0.04580824  -0.04323259
 -0.14393036   0.04352750     0.06376601   0.06219216    -0.04580824  -0.04323259
 -0.04580824  -0.04323259    -0.04580824  -0.04323259     0.08316184   0.05993714
    2    1
  0.06376601  -0.06219216    -0.14393036  -0.04352750    -0.04580824   0.04323259
 -0.14393036  -0.04352750     0.06376601  -0.06219216    -0.04580824   0.04323259
 -0.04580824   0.04323259    -0.04580824   0.04323259     0.08316184  -0.05993714
    2    2
  0.25610089  -0.00000000     0.00678968  -0.00000000     0.00651895   0.00928406
  0.00678968  -0.00000000     0.25610089  -0.00000000     0.00651895   0.00928406
  0.00651895  -0.00928406     0.00651895  -0.00928406     0.30810062  -0.00000000

     Dynamical  Matrix in cartesian axes

     q = (    0.250000000  -0.750000000   0.750000000 ) 

    1    1
  0.30810062   0.00000000    -0.00651895  -0.00928406     0.00651895   0.00928406
 -0.00651895   0.00928406     0.25610089   0.00000000    -0.00678968  -0.00000000
  0.00651895  -0.00928406    -0.00678968  -0.00000000     0.25610089   0.00000000
    1    2
 -0.08316184  -0.05993714    -0.04580824  -0.04323259     0.04580824   0.04323259
 -0.04580824  -0.04323259    -0.06376601  -0.06219216    -0.14393036   0.04352750
  0.04580824   0.04323259    -0.14393036   0.04352750    -0.06376601  -0.06219216
    2    1
 -0.08316184   0.05993714    -0.04580824   0.04323259     0.04580824  -0.04323259
 -0.04580824   0.04323259    -0.06376601   0.06219216    -0.14393036  -0.04352750
  0.04580824  -0.04323259    -0.14393036  -0.04352750    -0.06376601   0.06219216
    2    2
  0.30810062  -0.00000000    -0.00651895   0.00928406     0.00651895  -0.00928406
 -0.00651895  -0.00928406     0.25610089  -0.00000000    -0.00678968   0.00000000
  0.00651895   0.00928406    -0.00678968   0.00000000     0.25610089  -0.00000000

     Dynamical  Matrix in cartesian axes

     q = (   -0.750000000  -0.750000000   0.250000000 ) 

    1    1
  0.25610089   0.00000000     0.00678968   0.00000000    -0.00651895  -0.00928406
  0.00678968   0.00000000     0.25610089   0.00000000    -0.00651895  -0.00928406
 -0.00651895   0.00928406    -0.00651895   0.00928406     0.30810062   0.00000000
    1    2
 -0.06219216  -0.06376601    -0.04352750   0.14393036    -0.04323259  -0.04580824
 -0.04352750   0.14393036    -0.06219216  -0.06376601    -0.04323259  -0.04580824
 -0.04323259  -0.04580824    -0.04323259  -0.04580824    -0.05993714  -0.08316184
    2    1
 -0.06219216   0.06376601    -0.04352750  -0.14393036    -0.04323259   0.04580824
 -0.04352750  -0.14393036    -0.06219216   0.06376601    -0.04323259   0.04580824
 -0.04323259   0.04580824    -0.04323259   0.04580824    -0.05993714   0.08316184
    2    2
  0.25610089  -0.00000000     0.00678968  -0.00000000    -0.00651895   0.00928406
  0.00678968  -0.00000000     0.25610089  -0.00000000    -0.00651895   0.00928406
 -0.00651895  -0.00928406    -0.00651895  -0.00928406     0.30810062  -0.00000000

     Dynamical  Matrix in cartesian axes

     q = (    0.250000000   0.750000000   0.750000000 ) 

    1    1
  0.30810062   0.00000000     0.00651895  -0.00928406     0.00651895  -0.00928406
  0.00651895   0.00928406     0.25610089   0.00000000     0.00678968  -0.00000000
  0.00651895   0.00928406     0.00678968  -0.00000000     0.25610089   0.00000000
    1    2
  0.08316184  -0.05993714    -0.04580824   0.04323259    -0.04580824   0.04323259
 -0.04580824   0.04323259     0.06376601  -0.06219216    -0.14393036  -0.04352750
 -0.04580824   0.04323259    -0.14393036  -0.04352750     0.06376601  -0.06219216
    2    1
  0.08316184   0.05993714    -0.04580824  -0.04323259    -0.04580824  -0.04323259
 -0.04580824  -0.04323259     0.06376601   0.06219216    -0.14393036   0.04352750
 -0.04580824  -0.04323259    -0.14393036   0.04352750     0.06376601   0.06219216
    2    2
  0.30810062  -0.00000000     0.00651895   0.00928406     0.00651895   0.00928406
  0.00651895  -0.00928406     0.25610089  -0.00000000     0.00678968   0.00000000
  0.00651895  -0.00928406     0.00678968   0.00000000     0.25610089  -0.00000000

     Dynamical  Matrix in cartesian axes

     q = (   -0.250000000  -0.750000000   0.750000000 ) 

    1    1
  0.30810062   0.00000000     0.00651895  -0.00928406    -0.00651895   0.00928406
  0.00651895   0.00928406     0.25610089   0.00000000    -0.00678968  -0.00000000
 -0.00651895  -0.00928406    -0.00678968  -0.00000000     0.25610089   0.00000000
    1    2
 -0.08316184   0.05993714     0.04580824  -0.04323259    -0.04580824   0.04323259
  0.04580824  -0.04323259    -0.06376601   0.06219216    -0.14393036  -0.04352750
 -0.04580824   0.04323259    -0.14393036  -0.04352750    -0.06376601   0.06219216
    2    1
 -0.08316184  -0.05993714     0.04580824   0.04323259    -0.04580824  -0.04323259
  0.04580824   0.04323259    -0.06376601  -0.06219216    -0.14393036   0.04352750
 -0.04580824  -0.04323259    -0.14393036   0.04352750    -0.06376601  -0.06219216
    2    2
  0.30810062  -0.00000000     0.00651895   0.00928406    -0.00651895  -0.00928406
  0.00651895  -0.00928406     0.25610089  -0.00000000    -0.00678968   0.00000000
 -0.00651895   0.00928406    -0.00678968   0.00000000     0.25610089  -0.00000000

     Dynamical  Matrix in cartesian axes

     q = (    0.750000000   0.750000000   0.250000000 ) 

    1    1
  0.25610089  -0.00000000     0.00678968  -0.00000000     0.00651895   0.00928406
  0.00678968  -0.00000000     0.25610089  -0.00000000     0.00651895   0.00928406
  0.00651895  -0.00928406     0.00651895  -0.00928406     0.30810062  -0.00000000
    1    2
  0.06376601  -0.06219216    -0.14393036  -0.04352750    -0.04580824   0.04323259
 -0.14393036  -0.04352750     0.06376601  -0.06219216    -0.04580824   0.04323259
 -0.04580824   0.04323259    -0.04580824   0.04323259     0.08316184  -0.05993714
    2    1
  0.06376601   0.06219216    -0.14393036   0.04352750    -0.04580824  -0.04323259
 -0.14393036   0.04352750     0.06376601   0.06219216    -0.04580824  -0.04323259
 -0.04580824  -0.04323259    -0.04580824  -0.04323259     0.08316184   0.05993714
    2    2
  0.25610089   0.00000000     0.00678968   0.00000000     0.00651895  -0.00928406
  0.00678968   0.00000000     0.25610089   0.00000000     0.00651895  -0.00928406
  0.00651895   0.00928406     0.00651895   0.00928406     0.30810062   0.00000000

     Dynamical  Matrix in cartesian axes

     q = (    0.250000000  -0.750000000  -0.750000000 ) 

    1    1
  0.30810062  -0.00000000    -0.00651895   0.00928406    -0.00651895   0.00928406
 -0.00651895  -0.00928406     0.25610089  -0.00000000     0.00678968   0.00000000
 -0.00651895  -0.00928406     0.00678968   0.00000000     0.25610089  -0.00000000
    1    2
 -0.05993714  -0.08316184    -0.04323259  -0.04580824    -0.04323259  -0.04580824
 -0.04323259  -0.04580824    -0.06219216  -0.06376601    -0.04352750   0.14393036
 -0.04323259  -0.04580824    -0.04352750   0.14393036    -0.06219216  -0.06376601
    2    1
 -0.05993714   0.08316184    -0.04323259   0.04580824    -0.04323259   0.04580824
 -0.04323259   0.04580824    -0.06219216   0.06376601    -0.04352750  -0.14393036
 -0.04323259   0.04580824    -0.04352750  -0.14393036    -0.06219216   0.06376601
    2    2
  0.30810062   0.00000000    -0.00651895  -0.00928406    -0.00651895  -0.00928406
 -0.00651895   0.00928406     0.25610089   0.00000000     0.00678968  -0.00000000
 -0.00651895   0.00928406     0.00678968  -0.00000000     0.25610089   0.00000000

     Dynamical  Matrix in cartesian axes

     q = (    0.750000000  -0.750000000  -0.250000000 ) 

    1    1
  0.25610089  -0.00000000    -0.00678968   0.00000000    -0.00651895  -0.00928406
 -0.00678968   0.00000000     0.25610089  -0.00000000     0.00651895   0.00928406
 -0.00651895   0.00928406     0.00651895  -0.00928406     0.30810062  -0.00000000
    1    2
 -0.06376601   0.06219216    -0.14393036  -0.04352750    -0.04580824   0.04323259
 -0.14393036  -0.04352750    -0.06376601   0.06219216     0.04580824  -0.04323259
 -0.04580824   0.04323259     0.04580824  -0.04323259    -0.08316184   0.05993714
    2    1
 -0.06376601  -0.06219216    -0.14393036   0.04352750    -0.04580824  -0.04323259
 -0.14393036   0.04352750    -0.06376601  -0.06219216     0.04580824   0.04323259
 -0.04580824  -0.04323259     0.04580824   0.04323259    -0.08316184  -0.05993714
    2    2
  0.25610089   0.00000000    -0.00678968  -0.00000000    -0.00651895   0.00928406
 -0.00678968  -0.00000000     0.25610089   0.00000000     0.00651895  -0.00928406
 -0.00651895  -0.00928406     0.00651895   0.00928406     0.30810062   0.00000000

     Diagonalizing the dynamical matrix

     q = (    0.750000000  -0.250000000   0.750000000 ) 

 **************************************************************************
     freq (    1) =       4.152191 [THz] =     138.502195 [cm-1]
 (  0.044752 -0.497993  0.000000 -0.000000 -0.044752  0.497993 ) 
 (  0.500000 -0.000000  0.000000 -0.000000 -0.500000  0.000000 ) 
     freq (    2) =       5.980733 [THz] =     199.495781 [cm-1]
 ( -0.388548 -0.168539 -0.343650  0.152166 -0.388548 -0.168539 ) 
 ( -0.423527  0.000000 -0.254715 -0.276351 -0.423527  0.000000 ) 
     freq (    3) =       9.492603 [THz] =     316.639145 [cm-1]
 (  0.124244 -0.285486  0.373943  0.407787  0.124244 -0.285486 ) 
 ( -0.311350 -0.000000  0.224690  0.505606 -0.311350  0.000000 ) 
     freq (    4) =      12.310942 [THz] =     410.648816 [cm-1]
 (  0.064062  0.313731 -0.406879 -0.359705  0.064062  0.313731 ) 
 ( -0.320204 -0.000000  0.433836  0.326687 -0.320204  0.000000 ) 
     freq (    5) =      13.913105 [THz] =     464.091220 [cm-1]
 (  0.044752 -0.497993  0.000000  0.000000 -0.044752  0.497993 ) 
 ( -0.500000 -0.000000 -0.000000 -0.000000  0.500000  0.000000 ) 
     freq (    6) =      14.331320 [THz] =     478.041388 [cm-1]
 ( -0.302706 -0.171827 -0.457956  0.219009 -0.302706 -0.171827 ) 
 (  0.348074  0.000000  0.290152  0.416534  0.348074 -0.000000 ) 
 **************************************************************************
