Dynamical matrix file
phonons of Si                                                              
  1    2  2 10.2000000  0.0000000  0.0000000  0.0000000  0.0000000  0.0000000
           1  'Si  '    25598.822984527003     
    1    1      0.0000000000      0.0000000000      0.0000000000
    2    1      0.2500000000      0.2500000000      0.2500000000

     Dynamical  Matrix in cartesian axes

     q = (   -0.250000000   0.250000000  -0.250000000 ) 

    1    1
  0.27995022  -0.00000000    -0.01161755   0.00000000     0.01161755  -0.00000000
 -0.01161755   0.00000000     0.27995022  -0.00000000    -0.01161755   0.00000000
  0.01161755  -0.00000000    -0.01161755   0.00000000     0.27995022  -0.00000000
    1    2
 -0.20694591  -0.05983475    -0.04153744   0.04168658     0.04153744  -0.04168658
 -0.04153744   0.04168658    -0.20694591  -0.05983475    -0.04153744   0.04168658
  0.04153744  -0.04168658    -0.04153744   0.04168658    -0.20694591  -0.05983475
    2    1
 -0.20694591   0.05983475    -0.04153744  -0.04168658     0.04153744   0.04168658
 -0.04153744  -0.04168658    -0.20694591   0.05983475    -0.04153744  -0.04168658
  0.04153744   0.04168658    -0.04153744  -0.04168658    -0.20694591   0.05983475
    2    2
  0.27995022   0.00000000    -0.01161755  -0.00000000     0.01161755   0.00000000
 -0.01161755  -0.00000000     0.27995022   0.00000000    -0.01161755  -0.00000000
  0.01161755   0.00000000    -0.01161755  -0.00000000     0.27995022   0.00000000

     Dynamical  Matrix in cartesian axes

     q = (    0.250000000  -0.250000000  -0.250000000 ) 

    1    1
  0.27995022  -0.00000000    -0.01161755   0.00000000    -0.01161755   0.00000000
 -0.01161755   0.00000000     0.27995022  -0.00000000     0.01161755  -0.00000000
 -0.01161755   0.00000000     0.01161755  -0.00000000     0.27995022  -0.00000000
    1    2
 -0.20694591  -0.05983475    -0.04153744   0.04168658    -0.04153744   0.04168658
 -0.04153744   0.04168658    -0.20694591  -0.05983475     0.04153744  -0.04168658
 -0.04153744   0.04168658     0.04153744  -0.04168658    -0.20694591  -0.05983475
    2    1
 -0.20694591   0.05983475    -0.04153744  -0.04168658    -0.04153744  -0.04168658
 -0.04153744  -0.04168658    -0.20694591   0.05983475     0.04153744   0.04168658
 -0.04153744  -0.04168658     0.04153744   0.04168658    -0.20694591   0.05983475
    2    2
  0.27995022   0.00000000    -0.01161755  -0.00000000    -0.01161755  -0.00000000
 -0.01161755  -0.00000000     0.27995022   0.00000000     0.01161755   0.00000000
 -0.01161755  -0.00000000     0.01161755   0.00000000     0.27995022   0.00000000

     Dynamical  Matrix in cartesian axes

     q = (    0.250000000  -0.250000000   0.250000000 ) 

    1    1
  0.27995022   0.00000000    -0.01161755  -0.00000000     0.01161755   0.00000000
 -0.01161755  -0.00000000     0.27995022   0.00000000    -0.01161755  -0.00000000
  0.01161755   0.00000000    -0.01161755  -0.00000000     0.27995022   0.00000000
    1    2
 -0.20694591   0.05983475    -0.04153744  -0.04168658     0.04153744   0.04168658
 -0.04153744  -0.04168658    -0.20694591   0.05983475    -0.04153744  -0.04168658
  0.04153744   0.04168658    -0.04153744  -0.04168658    -0.20694591   0.05983475
    2    1
 -0.20694591  -0.05983475    -0.04153744   0.04168658     0.04153744  -0.04168658
 -0.04153744   0.04168658    -0.20694591  -0.05983475    -0.04153744   0.04168658
  0.04153744  -0.04168658    -0.04153744   0.04168658    -0.20694591  -0.05983475
    2    2
  0.27995022  -0.00000000    -0.01161755   0.00000000     0.01161755  -0.00000000
 -0.01161755   0.00000000     0.27995022  -0.00000000    -0.01161755   0.00000000
  0.01161755  -0.00000000    -0.01161755   0.00000000     0.27995022  -0.00000000

     Dynamical  Matrix in cartesian axes

     q = (    0.250000000   0.250000000   0.250000000 ) 

    1    1
  0.27995022  -0.00000000     0.01161755  -0.00000000     0.01161755  -0.00000000
  0.01161755  -0.00000000     0.27995022  -0.00000000     0.01161755  -0.00000000
  0.01161755  -0.00000000     0.01161755  -0.00000000     0.27995022  -0.00000000
    1    2
 -0.05983475   0.20694591    -0.04168658  -0.04153744    -0.04168658  -0.04153744
 -0.04168658  -0.04153744    -0.05983475   0.20694591    -0.04168658  -0.04153744
 -0.04168658  -0.04153744    -0.04168658  -0.04153744    -0.05983475   0.20694591
    2    1
 -0.05983475  -0.20694591    -0.04168658   0.04153744    -0.04168658   0.04153744
 -0.04168658   0.04153744    -0.05983475  -0.20694591    -0.04168658   0.04153744
 -0.04168658   0.04153744    -0.04168658   0.04153744    -0.05983475  -0.20694591
    2    2
  0.27995022   0.00000000     0.01161755   0.00000000     0.01161755   0.00000000
  0.01161755   0.00000000     0.27995022   0.00000000     0.01161755   0.00000000
  0.01161755   0.00000000     0.01161755   0.00000000     0.27995022   0.00000000

     Dynamical  Matrix in cartesian axes

     q = (   -0.250000000  -0.250000000  -0.250000000 ) 

    1    1
  0.27995022   0.00000000     0.01161755   0.00000000     0.01161755   0.00000000
  0.01161755   0.00000000     0.27995022   0.00000000     0.01161755   0.00000000
  0.01161755   0.00000000     0.01161755   0.00000000     0.27995022   0.00000000
    1    2
 -0.05983475  -0.20694591    -0.04168658   0.04153744    -0.04168658   0.04153744
 -0.04168658   0.04153744    -0.05983475  -0.20694591    -0.04168658   0.04153744
 -0.04168658   0.04153744    -0.04168658   0.04153744    -0.05983475  -0.20694591
    2    1
 -0.05983475   0.20694591    -0.04168658  -0.04153744    -0.04168658  -0.04153744
 -0.04168658  -0.04153744    -0.05983475   0.20694591    -0.04168658  -0.04153744
 -0.04168658  -0.04153744    -0.04168658  -0.04153744    -0.05983475   0.20694591
    2    2
  0.27995022  -0.00000000     0.01161755  -0.00000000     0.01161755  -0.00000000
  0.01161755  -0.00000000     0.27995022  -0.00000000     0.01161755  -0.00000000
  0.01161755  -0.00000000     0.01161755  -0.00000000     0.27995022  -0.00000000

     Dynamical  Matrix in cartesian axes

     q = (   -0.250000000  -0.250000000   0.250000000 ) 

    1    1
  0.27995022  -0.00000000     0.01161755  -0.00000000    -0.01161755   0.00000000
  0.01161755  -0.00000000     0.27995022  -0.00000000    -0.01161755   0.00000000
 -0.01161755   0.00000000    -0.01161755   0.00000000     0.27995022  -0.00000000
    1    2
 -0.20694591  -0.05983475     0.04153744  -0.04168658    -0.04153744   0.04168658
  0.04153744  -0.04168658    -0.20694591  -0.05983475    -0.04153744   0.04168658
 -0.04153744   0.04168658    -0.04153744   0.04168658    -0.20694591  -0.05983475
    2    1
 -0.20694591   0.05983475     0.04153744   0.04168658    -0.04153744  -0.04168658
  0.04153744   0.04168658    -0.20694591   0.05983475    -0.04153744  -0.04168658
 -0.04153744  -0.04168658    -0.04153744  -0.04168658    -0.20694591   0.05983475
    2    2
  0.27995022   0.00000000     0.01161755   0.00000000    -0.01161755  -0.00000000
  0.01161755   0.00000000     0.27995022   0.00000000    -0.01161755  -0.00000000
 -0.01161755  -0.00000000    -0.01161755  -0.00000000     0.27995022   0.00000000

     Dynamical  Matrix in cartesian axes

     q = (   -0.250000000   0.250000000   0.250000000 ) 

    1    1
  0.27995022   0.00000000    -0.01161755  -0.00000000    -0.01161755  -0.00000000
 -0.01161755  -0.00000000     0.27995022   0.00000000     0.01161755   0.00000000
 -0.01161755  -0.00000000     0.01161755   0.00000000     0.27995022   0.00000000
    1    2
 -0.20694591   0.05983475    -0.04153744  -0.04168658    -0.04153744  -0.04168658
 -0.04153744  -0.04168658    -0.20694591   0.05983475     0.04153744   0.04168658
 -0.04153744  -0.04168658     0.04153744   0.04168658    -0.20694591   0.05983475
    2    1
 -0.20694591  -0.05983475    -0.04153744   0.04168658    -0.04153744   0.04168658
 -0.04153744   0.04168658    -0.20694591  -0.05983475     0.04153744  -0.04168658
 -0.04153744   0.04168658     0.04153744  -0.04168658    -0.20694591  -0.05983475
    2    2
  0.27995022  -0.00000000    -0.01161755   0.00000000    -0.01161755   0.00000000
 -0.01161755   0.00000000     0.27995022  -0.00000000     0.01161755  -0.00000000
 -0.01161755   0.00000000     0.01161755  -0.00000000     0.27995022  -0.00000000

     Dynamical  Matrix in cartesian axes

     q = (    0.250000000   0.250000000  -0.250000000 ) 

    1    1
  0.27995022   0.00000000     0.01161755   0.00000000    -0.01161755  -0.00000000
  0.01161755   0.00000000     0.27995022   0.00000000    -0.01161755  -0.00000000
 -0.01161755  -0.00000000    -0.01161755  -0.00000000     0.27995022   0.00000000
    1    2
 -0.20694591   0.05983475     0.04153744   0.04168658    -0.04153744  -0.04168658
  0.04153744   0.04168658    -0.20694591   0.05983475    -0.04153744  -0.04168658
 -0.04153744  -0.04168658    -0.04153744  -0.04168658    -0.20694591   0.05983475
    2    1
 -0.20694591  -0.05983475     0.04153744  -0.04168658    -0.04153744   0.04168658
  0.04153744  -0.04168658    -0.20694591  -0.05983475    -0.04153744   0.04168658
 -0.04153744   0.04168658    -0.04153744   0.04168658    -0.20694591  -0.05983475
    2    2
  0.27995022  -0.00000000     0.01161755  -0.00000000    -0.01161755   0.00000000
  0.01161755  -0.00000000     0.27995022  -0.00000000    -0.01161755   0.00000000
 -0.01161755   0.00000000    -0.01161755   0.00000000     0.27995022  -0.00000000

     Diagonalizing the dynamical matrix

     q = (   -0.250000000   0.250000000  -0.250000000 ) 

 **************************************************************************
     freq (    1) =       2.848222 [THz] =      95.006465 [cm-1]
 (  0.545094  0.108138  0.400953  0.097611 -0.144141 -0.010527 ) 
 (  0.551523  0.068145  0.406998  0.068145 -0.144525  0.000000 ) 
     freq (    2) =       2.848222 [THz] =      95.006465 [cm-1]
 (  0.156438 -0.006241 -0.401045 -0.046957 -0.557484 -0.040716 ) 
 (  0.155568 -0.017619 -0.403400 -0.017619 -0.558969  0.000000 ) 
     freq (    3) =       6.937580 [THz] =     231.412774 [cm-1]
 (  0.267076  0.308767 -0.267076 -0.308767  0.267076  0.308767 ) 
 (  0.408248 -0.000000 -0.408248 -0.000000  0.408248  0.000000 ) 
     freq (    4) =      14.430544 [THz] =     481.351120 [cm-1]
 (  0.267076  0.308767 -0.267076 -0.308767  0.267076  0.308767 ) 
 ( -0.408248  0.000000  0.408248  0.000000 -0.408248  0.000000 ) 
     freq (    5) =      14.791456 [THz] =     493.389866 [cm-1]
 (  0.314475 -0.040478 -0.256004 -0.082143 -0.570479 -0.041665 ) 
 ( -0.310691  0.063277  0.261307  0.063277  0.571998  0.000000 ) 
     freq (    6) =      14.791456 [THz] =     493.389866 [cm-1]
 ( -0.174100  0.449989 -0.252323  0.444276 -0.078223 -0.005713 ) 
 (  0.140859 -0.461475  0.219291 -0.461475  0.078432  0.000000 ) 
 **************************************************************************
