Dynamical matrix file
phonons of Si                                                              
  1    2   2  10.2000000   0.0000000   0.0000000   0.0000000   0.0000000   0.0000000
           1  'Si  '    25598.823011949724     
    1    1      0.0000000000      0.0000000000      0.0000000000
    2    1      0.2500000000      0.2500000000      0.2500000000

     Dynamical  Matrix in cartesian axes

     q = (   -0.166666667   0.500000000  -0.166666667 ) 

    1    1
  0.26062762   0.00000000    -0.00715636   0.00605538     0.00489046   0.00000000
 -0.00715636  -0.00605538     0.30237635   0.00000000    -0.00715636  -0.00605538
  0.00489046   0.00000000    -0.00715636   0.00605538     0.26062762   0.00000000
    1    2
 -0.16028443   0.05780494    -0.02109858   0.03794542    -0.02019604  -0.11754798
 -0.02109858   0.03794542    -0.16706824   0.06785082    -0.02109858   0.03794542
 -0.02019604  -0.11754798    -0.02109858   0.03794542    -0.16028443   0.05780494
    2    1
 -0.16028443  -0.05780494    -0.02109858  -0.03794542    -0.02019604   0.11754798
 -0.02109858  -0.03794542    -0.16706824  -0.06785082    -0.02109858  -0.03794542
 -0.02019604   0.11754798    -0.02109858  -0.03794542    -0.16028443  -0.05780494
    2    2
  0.26062762   0.00000000    -0.00715636  -0.00605538     0.00489046   0.00000000
 -0.00715636   0.00605538     0.30237635   0.00000000    -0.00715636   0.00605538
  0.00489046   0.00000000    -0.00715636  -0.00605538     0.26062762   0.00000000

     Dynamical  Matrix in cartesian axes

     q = (    0.166666667   0.500000000   0.166666667 ) 

    1    1
  0.26062762   0.00000000     0.00715636  -0.00605538     0.00489046   0.00000000
  0.00715636   0.00605538     0.30237635   0.00000000     0.00715636   0.00605538
  0.00489046   0.00000000     0.00715636  -0.00605538     0.26062762   0.00000000
    1    2
 -0.03008167   0.16771286    -0.02231240  -0.03724461    -0.11189756  -0.04128370
 -0.02231240  -0.03724461    -0.02477359   0.17861075    -0.02231240  -0.03724461
 -0.11189756  -0.04128370    -0.02231240  -0.03724461    -0.03008167   0.16771286
    2    1
 -0.03008167  -0.16771286    -0.02231240   0.03724461    -0.11189756   0.04128370
 -0.02231240   0.03724461    -0.02477359  -0.17861075    -0.02231240   0.03724461
 -0.11189756   0.04128370    -0.02231240   0.03724461    -0.03008167  -0.16771286
    2    2
  0.26062762   0.00000000     0.00715636   0.00605538     0.00489046   0.00000000
  0.00715636  -0.00605538     0.30237635   0.00000000     0.00715636  -0.00605538
  0.00489046   0.00000000     0.00715636   0.00605538     0.26062762   0.00000000

     Dynamical  Matrix in cartesian axes

     q = (   -0.166666667   0.500000000   0.166666667 ) 

    1    1
  0.26062762   0.00000000    -0.00715636  -0.00605538    -0.00489046   0.00000000
 -0.00715636   0.00605538     0.30237635   0.00000000     0.00715636  -0.00605538
 -0.00489046   0.00000000     0.00715636   0.00605538     0.26062762   0.00000000
    1    2
 -0.13020276   0.10990792    -0.04341098  -0.00070080    -0.09170151  -0.07626428
 -0.04341098  -0.00070080    -0.14229465   0.11075993     0.04341098   0.00070080
 -0.09170151  -0.07626428     0.04341098   0.00070080    -0.13020276   0.10990792
    2    1
 -0.13020276  -0.10990792    -0.04341098   0.00070080    -0.09170151   0.07626428
 -0.04341098   0.00070080    -0.14229465  -0.11075993     0.04341098  -0.00070080
 -0.09170151   0.07626428     0.04341098  -0.00070080    -0.13020276  -0.10990792
    2    2
  0.26062762   0.00000000    -0.00715636   0.00605538    -0.00489046   0.00000000
 -0.00715636  -0.00605538     0.30237635   0.00000000     0.00715636   0.00605538
 -0.00489046   0.00000000     0.00715636  -0.00605538     0.26062762   0.00000000

     Dynamical  Matrix in cartesian axes

     q = (    0.166666667   0.500000000  -0.166666667 ) 

    1    1
  0.26062762   0.00000000     0.00715636   0.00605538    -0.00489046   0.00000000
  0.00715636  -0.00605538     0.30237635   0.00000000    -0.00715636   0.00605538
 -0.00489046   0.00000000    -0.00715636  -0.00605538     0.26062762   0.00000000
    1    2
 -0.13020276   0.10990792     0.04341098   0.00070080    -0.09170151  -0.07626428
  0.04341098   0.00070080    -0.14229465   0.11075993    -0.04341098  -0.00070080
 -0.09170151  -0.07626428    -0.04341098  -0.00070080    -0.13020276   0.10990792
    2    1
 -0.13020276  -0.10990792     0.04341098  -0.00070080    -0.09170151   0.07626428
  0.04341098  -0.00070080    -0.14229465  -0.11075993    -0.04341098   0.00070080
 -0.09170151   0.07626428    -0.04341098   0.00070080    -0.13020276  -0.10990792
    2    2
  0.26062762   0.00000000     0.00715636  -0.00605538    -0.00489046   0.00000000
  0.00715636   0.00605538     0.30237635   0.00000000    -0.00715636  -0.00605538
 -0.00489046   0.00000000    -0.00715636   0.00605538     0.26062762   0.00000000

     Dynamical  Matrix in cartesian axes

     q = (    0.500000000  -0.166666667   0.166666667 ) 

    1    1
  0.30237635   0.00000000    -0.00715636   0.00605538     0.00715636  -0.00605538
 -0.00715636  -0.00605538     0.26062762   0.00000000    -0.00489046   0.00000000
  0.00715636   0.00605538    -0.00489046   0.00000000     0.26062762   0.00000000
    1    2
 -0.14229465   0.11075993    -0.04341098  -0.00070080     0.04341098   0.00070080
 -0.04341098  -0.00070080    -0.13020276   0.10990792    -0.09170151  -0.07626428
  0.04341098   0.00070080    -0.09170151  -0.07626428    -0.13020276   0.10990792
    2    1
 -0.14229465  -0.11075993    -0.04341098   0.00070080     0.04341098  -0.00070080
 -0.04341098   0.00070080    -0.13020276  -0.10990792    -0.09170151   0.07626428
  0.04341098  -0.00070080    -0.09170151   0.07626428    -0.13020276  -0.10990792
    2    2
  0.30237635   0.00000000    -0.00715636  -0.00605538     0.00715636   0.00605538
 -0.00715636   0.00605538     0.26062762   0.00000000    -0.00489046   0.00000000
  0.00715636  -0.00605538    -0.00489046   0.00000000     0.26062762   0.00000000

     Dynamical  Matrix in cartesian axes

     q = (    0.166666667  -0.166666667   0.500000000 ) 

    1    1
  0.26062762   0.00000000    -0.00489046   0.00000000     0.00715636   0.00605538
 -0.00489046   0.00000000     0.26062762   0.00000000    -0.00715636  -0.00605538
  0.00715636  -0.00605538    -0.00715636   0.00605538     0.30237635   0.00000000
    1    2
 -0.13020276   0.10990792    -0.09170151  -0.07626428     0.04341098   0.00070080
 -0.09170151  -0.07626428    -0.13020276   0.10990792    -0.04341098  -0.00070080
  0.04341098   0.00070080    -0.04341098  -0.00070080    -0.14229465   0.11075993
    2    1
 -0.13020276  -0.10990792    -0.09170151   0.07626428     0.04341098  -0.00070080
 -0.09170151   0.07626428    -0.13020276  -0.10990792    -0.04341098   0.00070080
  0.04341098  -0.00070080    -0.04341098   0.00070080    -0.14229465  -0.11075993
    2    2
  0.26062762   0.00000000    -0.00489046   0.00000000     0.00715636  -0.00605538
 -0.00489046   0.00000000     0.26062762   0.00000000    -0.00715636   0.00605538
  0.00715636   0.00605538    -0.00715636  -0.00605538     0.30237635   0.00000000

     Dynamical  Matrix in cartesian axes

     q = (   -0.166666667  -0.500000000  -0.166666667 ) 

    1    1
  0.26062762   0.00000000     0.00715636   0.00605538     0.00489046   0.00000000
  0.00715636  -0.00605538     0.30237635   0.00000000     0.00715636  -0.00605538
  0.00489046   0.00000000     0.00715636   0.00605538     0.26062762   0.00000000
    1    2
 -0.03008167  -0.16771286    -0.02231240   0.03724461    -0.11189756   0.04128370
 -0.02231240   0.03724461    -0.02477359  -0.17861075    -0.02231240   0.03724461
 -0.11189756   0.04128370    -0.02231240   0.03724461    -0.03008167  -0.16771286
    2    1
 -0.03008167   0.16771286    -0.02231240  -0.03724461    -0.11189756  -0.04128370
 -0.02231240  -0.03724461    -0.02477359   0.17861075    -0.02231240  -0.03724461
 -0.11189756  -0.04128370    -0.02231240  -0.03724461    -0.03008167   0.16771286
    2    2
  0.26062762   0.00000000     0.00715636  -0.00605538     0.00489046   0.00000000
  0.00715636   0.00605538     0.30237635   0.00000000     0.00715636   0.00605538
  0.00489046   0.00000000     0.00715636  -0.00605538     0.26062762   0.00000000

     Dynamical  Matrix in cartesian axes

     q = (    0.166666667  -0.500000000  -0.166666667 ) 

    1    1
  0.26062762   0.00000000    -0.00715636   0.00605538    -0.00489046   0.00000000
 -0.00715636  -0.00605538     0.30237635   0.00000000     0.00715636   0.00605538
 -0.00489046   0.00000000     0.00715636  -0.00605538     0.26062762   0.00000000
    1    2
 -0.13020276  -0.10990792    -0.04341098   0.00070080    -0.09170151   0.07626428
 -0.04341098   0.00070080    -0.14229465  -0.11075993     0.04341098  -0.00070080
 -0.09170151   0.07626428     0.04341098  -0.00070080    -0.13020276  -0.10990792
    2    1
 -0.13020276   0.10990792    -0.04341098  -0.00070080    -0.09170151  -0.07626428
 -0.04341098  -0.00070080    -0.14229465   0.11075993     0.04341098   0.00070080
 -0.09170151  -0.07626428     0.04341098   0.00070080    -0.13020276   0.10990792
    2    2
  0.26062762   0.00000000    -0.00715636  -0.00605538    -0.00489046   0.00000000
 -0.00715636   0.00605538     0.30237635   0.00000000     0.00715636  -0.00605538
 -0.00489046   0.00000000     0.00715636   0.00605538     0.26062762   0.00000000

     Dynamical  Matrix in cartesian axes

     q = (   -0.166666667  -0.500000000   0.166666667 ) 

    1    1
  0.26062762   0.00000000     0.00715636  -0.00605538    -0.00489046   0.00000000
  0.00715636   0.00605538     0.30237635   0.00000000    -0.00715636  -0.00605538
 -0.00489046   0.00000000    -0.00715636   0.00605538     0.26062762   0.00000000
    1    2
 -0.13020276  -0.10990792     0.04341098  -0.00070080    -0.09170151   0.07626428
  0.04341098  -0.00070080    -0.14229465  -0.11075993    -0.04341098   0.00070080
 -0.09170151   0.07626428    -0.04341098   0.00070080    -0.13020276  -0.10990792
    2    1
 -0.13020276   0.10990792     0.04341098   0.00070080    -0.09170151  -0.07626428
  0.04341098   0.00070080    -0.14229465   0.11075993    -0.04341098  -0.00070080
 -0.09170151  -0.07626428    -0.04341098  -0.00070080    -0.13020276   0.10990792
    2    2
  0.26062762   0.00000000     0.00715636   0.00605538    -0.00489046   0.00000000
  0.00715636  -0.00605538     0.30237635   0.00000000    -0.00715636   0.00605538
 -0.00489046   0.00000000    -0.00715636  -0.00605538     0.26062762   0.00000000

     Dynamical  Matrix in cartesian axes

     q = (    0.500000000  -0.166666667  -0.166666667 ) 

    1    1
  0.30237635   0.00000000    -0.00715636  -0.00605538    -0.00715636  -0.00605538
 -0.00715636   0.00605538     0.26062762   0.00000000     0.00489046   0.00000000
 -0.00715636   0.00605538     0.00489046   0.00000000     0.26062762   0.00000000
    1    2
 -0.16706824   0.06785082    -0.02109858   0.03794542    -0.02109858   0.03794542
 -0.02109858   0.03794542    -0.16028443   0.05780494    -0.02019604  -0.11754798
 -0.02109858   0.03794542    -0.02019604  -0.11754798    -0.16028443   0.05780494
    2    1
 -0.16706824  -0.06785082    -0.02109858  -0.03794542    -0.02109858  -0.03794542
 -0.02109858  -0.03794542    -0.16028443  -0.05780494    -0.02019604   0.11754798
 -0.02109858  -0.03794542    -0.02019604   0.11754798    -0.16028443  -0.05780494
    2    2
  0.30237635   0.00000000    -0.00715636   0.00605538    -0.00715636   0.00605538
 -0.00715636  -0.00605538     0.26062762   0.00000000     0.00489046   0.00000000
 -0.00715636  -0.00605538     0.00489046   0.00000000     0.26062762   0.00000000

     Dynamical  Matrix in cartesian axes

     q = (   -0.500000000  -0.166666667   0.166666667 ) 

    1    1
  0.30237635   0.00000000     0.00715636   0.00605538    -0.00715636  -0.00605538
  0.00715636  -0.00605538     0.26062762   0.00000000    -0.00489046   0.00000000
 -0.00715636   0.00605538    -0.00489046   0.00000000     0.26062762   0.00000000
    1    2
 -0.14229465  -0.11075993     0.04341098  -0.00070080    -0.04341098   0.00070080
  0.04341098  -0.00070080    -0.13020276  -0.10990792    -0.09170151   0.07626428
 -0.04341098   0.00070080    -0.09170151   0.07626428    -0.13020276  -0.10990792
    2    1
 -0.14229465   0.11075993     0.04341098   0.00070080    -0.04341098  -0.00070080
  0.04341098   0.00070080    -0.13020276   0.10990792    -0.09170151  -0.07626428
 -0.04341098  -0.00070080    -0.09170151  -0.07626428    -0.13020276   0.10990792
    2    2
  0.30237635   0.00000000     0.00715636  -0.00605538    -0.00715636   0.00605538
  0.00715636   0.00605538     0.26062762   0.00000000    -0.00489046   0.00000000
 -0.00715636  -0.00605538    -0.00489046   0.00000000     0.26062762   0.00000000

     Dynamical  Matrix in cartesian axes

     q = (    0.500000000   0.166666667   0.166666667 ) 

    1    1
  0.30237635   0.00000000     0.00715636   0.00605538     0.00715636   0.00605538
  0.00715636  -0.00605538     0.26062762   0.00000000     0.00489046   0.00000000
  0.00715636  -0.00605538     0.00489046   0.00000000     0.26062762   0.00000000
    1    2
 -0.02477359   0.17861075    -0.02231240  -0.03724461    -0.02231240  -0.03724461
 -0.02231240  -0.03724461    -0.03008167   0.16771286    -0.11189756  -0.04128370
 -0.02231240  -0.03724461    -0.11189756  -0.04128370    -0.03008167   0.16771286
    2    1
 -0.02477359  -0.17861075    -0.02231240   0.03724461    -0.02231240   0.03724461
 -0.02231240   0.03724461    -0.03008167  -0.16771286    -0.11189756   0.04128370
 -0.02231240   0.03724461    -0.11189756   0.04128370    -0.03008167  -0.16771286
    2    2
  0.30237635   0.00000000     0.00715636  -0.00605538     0.00715636  -0.00605538
  0.00715636   0.00605538     0.26062762   0.00000000     0.00489046   0.00000000
  0.00715636   0.00605538     0.00489046   0.00000000     0.26062762   0.00000000

     Dynamical  Matrix in cartesian axes

     q = (   -0.166666667   0.166666667  -0.500000000 ) 

    1    1
  0.26062762   0.00000000    -0.00489046   0.00000000     0.00715636  -0.00605538
 -0.00489046   0.00000000     0.26062762   0.00000000    -0.00715636   0.00605538
  0.00715636   0.00605538    -0.00715636  -0.00605538     0.30237635   0.00000000
    1    2
 -0.13020276  -0.10990792    -0.09170151   0.07626428     0.04341098  -0.00070080
 -0.09170151   0.07626428    -0.13020276  -0.10990792    -0.04341098   0.00070080
  0.04341098  -0.00070080    -0.04341098   0.00070080    -0.14229465  -0.11075993
    2    1
 -0.13020276   0.10990792    -0.09170151  -0.07626428     0.04341098   0.00070080
 -0.09170151  -0.07626428    -0.13020276   0.10990792    -0.04341098  -0.00070080
  0.04341098   0.00070080    -0.04341098  -0.00070080    -0.14229465   0.11075993
    2    2
  0.26062762   0.00000000    -0.00489046   0.00000000     0.00715636   0.00605538
 -0.00489046   0.00000000     0.26062762   0.00000000    -0.00715636  -0.00605538
  0.00715636  -0.00605538    -0.00715636   0.00605538     0.30237635   0.00000000

     Dynamical  Matrix in cartesian axes

     q = (   -0.166666667  -0.166666667   0.500000000 ) 

    1    1
  0.26062762   0.00000000     0.00489046   0.00000000    -0.00715636   0.00605538
  0.00489046   0.00000000     0.26062762   0.00000000    -0.00715636   0.00605538
 -0.00715636  -0.00605538    -0.00715636  -0.00605538     0.30237635   0.00000000
    1    2
 -0.16028443   0.05780494    -0.02019604  -0.11754798    -0.02109858   0.03794542
 -0.02019604  -0.11754798    -0.16028443   0.05780494    -0.02109858   0.03794542
 -0.02109858   0.03794542    -0.02109858   0.03794542    -0.16706824   0.06785082
    2    1
 -0.16028443  -0.05780494    -0.02019604   0.11754798    -0.02109858  -0.03794542
 -0.02019604   0.11754798    -0.16028443  -0.05780494    -0.02109858  -0.03794542
 -0.02109858  -0.03794542    -0.02109858  -0.03794542    -0.16706824  -0.06785082
    2    2
  0.26062762   0.00000000     0.00489046   0.00000000    -0.00715636  -0.00605538
  0.00489046   0.00000000     0.26062762   0.00000000    -0.00715636  -0.00605538
 -0.00715636   0.00605538    -0.00715636   0.00605538     0.30237635   0.00000000

     Dynamical  Matrix in cartesian axes

     q = (    0.166666667   0.166666667   0.500000000 ) 

    1    1
  0.26062762   0.00000000     0.00489046   0.00000000     0.00715636  -0.00605538
  0.00489046   0.00000000     0.26062762   0.00000000     0.00715636  -0.00605538
  0.00715636   0.00605538     0.00715636   0.00605538     0.30237635   0.00000000
    1    2
 -0.03008167   0.16771286    -0.11189756  -0.04128370    -0.02231240  -0.03724461
 -0.11189756  -0.04128370    -0.03008167   0.16771286    -0.02231240  -0.03724461
 -0.02231240  -0.03724461    -0.02231240  -0.03724461    -0.02477359   0.17861075
    2    1
 -0.03008167  -0.16771286    -0.11189756   0.04128370    -0.02231240   0.03724461
 -0.11189756   0.04128370    -0.03008167  -0.16771286    -0.02231240   0.03724461
 -0.02231240   0.03724461    -0.02231240   0.03724461    -0.02477359  -0.17861075
    2    2
  0.26062762   0.00000000     0.00489046   0.00000000     0.00715636   0.00605538
  0.00489046   0.00000000     0.26062762   0.00000000     0.00715636   0.00605538
  0.00715636  -0.00605538     0.00715636  -0.00605538     0.30237635   0.00000000

     Dynamical  Matrix in cartesian axes

     q = (    0.166666667  -0.166666667  -0.500000000 ) 

    1    1
  0.26062762   0.00000000    -0.00489046   0.00000000    -0.00715636   0.00605538
 -0.00489046   0.00000000     0.26062762   0.00000000     0.00715636  -0.00605538
 -0.00715636  -0.00605538     0.00715636   0.00605538     0.30237635   0.00000000
    1    2
 -0.13020276  -0.10990792    -0.09170151   0.07626428    -0.04341098   0.00070080
 -0.09170151   0.07626428    -0.13020276  -0.10990792     0.04341098  -0.00070080
 -0.04341098   0.00070080     0.04341098  -0.00070080    -0.14229465  -0.11075993
    2    1
 -0.13020276   0.10990792    -0.09170151  -0.07626428    -0.04341098  -0.00070080
 -0.09170151  -0.07626428    -0.13020276   0.10990792     0.04341098   0.00070080
 -0.04341098  -0.00070080     0.04341098   0.00070080    -0.14229465   0.11075993
    2    2
  0.26062762   0.00000000    -0.00489046   0.00000000    -0.00715636  -0.00605538
 -0.00489046   0.00000000     0.26062762   0.00000000     0.00715636   0.00605538
 -0.00715636   0.00605538     0.00715636  -0.00605538     0.30237635   0.00000000

     Dynamical  Matrix in cartesian axes

     q = (   -0.500000000   0.166666667  -0.166666667 ) 

    1    1
  0.30237635   0.00000000    -0.00715636  -0.00605538     0.00715636   0.00605538
 -0.00715636   0.00605538     0.26062762   0.00000000    -0.00489046   0.00000000
  0.00715636  -0.00605538    -0.00489046   0.00000000     0.26062762   0.00000000
    1    2
 -0.14229465  -0.11075993    -0.04341098   0.00070080     0.04341098  -0.00070080
 -0.04341098   0.00070080    -0.13020276  -0.10990792    -0.09170151   0.07626428
  0.04341098  -0.00070080    -0.09170151   0.07626428    -0.13020276  -0.10990792
    2    1
 -0.14229465   0.11075993    -0.04341098  -0.00070080     0.04341098   0.00070080
 -0.04341098  -0.00070080    -0.13020276   0.10990792    -0.09170151  -0.07626428
  0.04341098   0.00070080    -0.09170151  -0.07626428    -0.13020276   0.10990792
    2    2
  0.30237635   0.00000000    -0.00715636   0.00605538     0.00715636  -0.00605538
 -0.00715636  -0.00605538     0.26062762   0.00000000    -0.00489046   0.00000000
  0.00715636   0.00605538    -0.00489046   0.00000000     0.26062762   0.00000000

     Dynamical  Matrix in cartesian axes

     q = (   -0.500000000  -0.166666667  -0.166666667 ) 

    1    1
  0.30237635   0.00000000     0.00715636  -0.00605538     0.00715636  -0.00605538
  0.00715636   0.00605538     0.26062762   0.00000000     0.00489046   0.00000000
  0.00715636   0.00605538     0.00489046   0.00000000     0.26062762   0.00000000
    1    2
 -0.02477359  -0.17861075    -0.02231240   0.03724461    -0.02231240   0.03724461
 -0.02231240   0.03724461    -0.03008167  -0.16771286    -0.11189756   0.04128370
 -0.02231240   0.03724461    -0.11189756   0.04128370    -0.03008167  -0.16771286
    2    1
 -0.02477359   0.17861075    -0.02231240  -0.03724461    -0.02231240  -0.03724461
 -0.02231240  -0.03724461    -0.03008167   0.16771286    -0.11189756  -0.04128370
 -0.02231240  -0.03724461    -0.11189756  -0.04128370    -0.03008167   0.16771286
    2    2
  0.30237635   0.00000000     0.00715636   0.00605538     0.00715636   0.00605538
  0.00715636  -0.00605538     0.26062762   0.00000000     0.00489046   0.00000000
  0.00715636  -0.00605538     0.00489046   0.00000000     0.26062762   0.00000000

     Dynamical  Matrix in cartesian axes

     q = (    0.166666667  -0.500000000   0.166666667 ) 

    1    1
  0.26062762   0.00000000    -0.00715636  -0.00605538     0.00489046   0.00000000
 -0.00715636   0.00605538     0.30237635   0.00000000    -0.00715636   0.00605538
  0.00489046   0.00000000    -0.00715636  -0.00605538     0.26062762   0.00000000
    1    2
 -0.16028443  -0.05780494    -0.02109858  -0.03794542    -0.02019604   0.11754798
 -0.02109858  -0.03794542    -0.16706824  -0.06785082    -0.02109858  -0.03794542
 -0.02019604   0.11754798    -0.02109858  -0.03794542    -0.16028443  -0.05780494
    2    1
 -0.16028443   0.05780494    -0.02109858   0.03794542    -0.02019604  -0.11754798
 -0.02109858   0.03794542    -0.16706824   0.06785082    -0.02109858   0.03794542
 -0.02019604  -0.11754798    -0.02109858   0.03794542    -0.16028443   0.05780494
    2    2
  0.26062762   0.00000000    -0.00715636   0.00605538     0.00489046   0.00000000
 -0.00715636  -0.00605538     0.30237635   0.00000000    -0.00715636  -0.00605538
  0.00489046   0.00000000    -0.00715636   0.00605538     0.26062762   0.00000000

     Dynamical  Matrix in cartesian axes

     q = (    0.500000000   0.166666667  -0.166666667 ) 

    1    1
  0.30237635   0.00000000     0.00715636  -0.00605538    -0.00715636   0.00605538
  0.00715636   0.00605538     0.26062762   0.00000000    -0.00489046   0.00000000
 -0.00715636  -0.00605538    -0.00489046   0.00000000     0.26062762   0.00000000
    1    2
 -0.14229465   0.11075993     0.04341098   0.00070080    -0.04341098  -0.00070080
  0.04341098   0.00070080    -0.13020276   0.10990792    -0.09170151  -0.07626428
 -0.04341098  -0.00070080    -0.09170151  -0.07626428    -0.13020276   0.10990792
    2    1
 -0.14229465  -0.11075993     0.04341098  -0.00070080    -0.04341098   0.00070080
  0.04341098  -0.00070080    -0.13020276  -0.10990792    -0.09170151   0.07626428
 -0.04341098   0.00070080    -0.09170151   0.07626428    -0.13020276  -0.10990792
    2    2
  0.30237635   0.00000000     0.00715636   0.00605538    -0.00715636  -0.00605538
  0.00715636  -0.00605538     0.26062762   0.00000000    -0.00489046   0.00000000
 -0.00715636   0.00605538    -0.00489046   0.00000000     0.26062762   0.00000000

     Dynamical  Matrix in cartesian axes

     q = (    0.166666667   0.166666667  -0.500000000 ) 

    1    1
  0.26062762   0.00000000     0.00489046   0.00000000    -0.00715636  -0.00605538
  0.00489046   0.00000000     0.26062762   0.00000000    -0.00715636  -0.00605538
 -0.00715636   0.00605538    -0.00715636   0.00605538     0.30237635   0.00000000
    1    2
 -0.16028443  -0.05780494    -0.02019604   0.11754798    -0.02109858  -0.03794542
 -0.02019604   0.11754798    -0.16028443  -0.05780494    -0.02109858  -0.03794542
 -0.02109858  -0.03794542    -0.02109858  -0.03794542    -0.16706824  -0.06785082
    2    1
 -0.16028443   0.05780494    -0.02019604  -0.11754798    -0.02109858   0.03794542
 -0.02019604  -0.11754798    -0.16028443   0.05780494    -0.02109858   0.03794542
 -0.02109858   0.03794542    -0.02109858   0.03794542    -0.16706824   0.06785082
    2    2
  0.26062762   0.00000000     0.00489046   0.00000000    -0.00715636   0.00605538
  0.00489046   0.00000000     0.26062762   0.00000000    -0.00715636   0.00605538
 -0.00715636  -0.00605538    -0.00715636  -0.00605538     0.30237635   0.00000000

     Dynamical  Matrix in cartesian axes

     q = (   -0.166666667  -0.166666667  -0.500000000 ) 

    1    1
  0.26062762   0.00000000     0.00489046   0.00000000     0.00715636   0.00605538
  0.00489046   0.00000000     0.26062762   0.00000000     0.00715636   0.00605538
  0.00715636  -0.00605538     0.00715636  -0.00605538     0.30237635   0.00000000
    1    2
 -0.03008167  -0.16771286    -0.11189756   0.04128370    -0.02231240   0.03724461
 -0.11189756   0.04128370    -0.03008167  -0.16771286    -0.02231240   0.03724461
 -0.02231240   0.03724461    -0.02231240   0.03724461    -0.02477359  -0.17861075
    2    1
 -0.03008167   0.16771286    -0.11189756  -0.04128370    -0.02231240  -0.03724461
 -0.11189756  -0.04128370    -0.03008167   0.16771286    -0.02231240  -0.03724461
 -0.02231240  -0.03724461    -0.02231240  -0.03724461    -0.02477359   0.17861075
    2    2
  0.26062762   0.00000000     0.00489046   0.00000000     0.00715636  -0.00605538
  0.00489046   0.00000000     0.26062762   0.00000000     0.00715636  -0.00605538
  0.00715636   0.00605538     0.00715636   0.00605538     0.30237635   0.00000000

     Dynamical  Matrix in cartesian axes

     q = (   -0.500000000   0.166666667   0.166666667 ) 

    1    1
  0.30237635   0.00000000    -0.00715636   0.00605538    -0.00715636   0.00605538
 -0.00715636  -0.00605538     0.26062762   0.00000000     0.00489046   0.00000000
 -0.00715636  -0.00605538     0.00489046   0.00000000     0.26062762   0.00000000
    1    2
 -0.16706824  -0.06785082    -0.02109858  -0.03794542    -0.02109858  -0.03794542
 -0.02109858  -0.03794542    -0.16028443  -0.05780494    -0.02019604   0.11754798
 -0.02109858  -0.03794542    -0.02019604   0.11754798    -0.16028443  -0.05780494
    2    1
 -0.16706824   0.06785082    -0.02109858   0.03794542    -0.02109858   0.03794542
 -0.02109858   0.03794542    -0.16028443   0.05780494    -0.02019604  -0.11754798
 -0.02109858   0.03794542    -0.02019604  -0.11754798    -0.16028443   0.05780494
    2    2
  0.30237635   0.00000000    -0.00715636  -0.00605538    -0.00715636  -0.00605538
 -0.00715636   0.00605538     0.26062762   0.00000000     0.00489046   0.00000000
 -0.00715636   0.00605538     0.00489046   0.00000000     0.26062762   0.00000000

     Dynamical  Matrix in cartesian axes

     q = (   -0.166666667   0.166666667   0.500000000 ) 

    1    1
  0.26062762   0.00000000    -0.00489046   0.00000000    -0.00715636  -0.00605538
 -0.00489046   0.00000000     0.26062762   0.00000000     0.00715636   0.00605538
 -0.00715636   0.00605538     0.00715636  -0.00605538     0.30237635   0.00000000
    1    2
 -0.13020276   0.10990792    -0.09170151  -0.07626428    -0.04341098  -0.00070080
 -0.09170151  -0.07626428    -0.13020276   0.10990792     0.04341098   0.00070080
 -0.04341098  -0.00070080     0.04341098   0.00070080    -0.14229465   0.11075993
    2    1
 -0.13020276  -0.10990792    -0.09170151   0.07626428    -0.04341098   0.00070080
 -0.09170151   0.07626428    -0.13020276  -0.10990792     0.04341098  -0.00070080
 -0.04341098   0.00070080     0.04341098  -0.00070080    -0.14229465  -0.11075993
    2    2
  0.26062762   0.00000000    -0.00489046   0.00000000    -0.00715636   0.00605538
 -0.00489046   0.00000000     0.26062762   0.00000000     0.00715636  -0.00605538
 -0.00715636  -0.00605538     0.00715636   0.00605538     0.30237635   0.00000000

     Diagonalizing the dynamical matrix

     q = (   -0.166666667   0.500000000  -0.166666667 ) 

 **************************************************************************
     freq (    1) =       3.637610 [THz] =     121.337611 [cm-1]
 ( -0.312084  0.390645  0.000000 -0.000000  0.312084 -0.390645 ) 
 ( -0.500000 -0.000000  0.000000 -0.000000  0.500000  0.000000 ) 
     freq (    2) =       4.545693 [THz] =     151.628003 [cm-1]
 ( -0.423782 -0.060631 -0.352061  0.097562 -0.423782 -0.060631 ) 
 ( -0.428097 -0.000000 -0.334695 -0.146441 -0.428097  0.000000 ) 
     freq (    3) =       7.474605 [THz] =     249.325969 [cm-1]
 (  0.152817  0.222333 -0.553449 -0.219372  0.152817  0.222333 ) 
 (  0.269787 -0.000000 -0.494279 -0.331841  0.269787  0.000000 ) 
     freq (    4) =      13.819920 [THz] =     460.982905 [cm-1]
 ( -0.355897 -0.199033  0.383713  0.142167 -0.355897 -0.199033 ) 
 (  0.407770  0.000000 -0.404292 -0.063209  0.407770  0.000000 ) 
     freq (    5) =      14.248393 [THz] =     475.275218 [cm-1]
 ( -0.312084  0.390645 -0.000000 -0.000000  0.312084 -0.390645 ) 
 (  0.500000  0.000000  0.000000  0.000000 -0.500000  0.000000 ) 
     freq (    6) =      14.583651 [THz] =     486.458246 [cm-1]
 (  0.278167  0.017148  0.566459 -0.154212  0.278167  0.017148 ) 
 ( -0.278695 -0.000000 -0.555898 -0.188773 -0.278695  0.000000 ) 
 **************************************************************************
