Dynamical matrix file
phonons of Si                                                              
  1    2   2  10.2000000   0.0000000   0.0000000   0.0000000   0.0000000   0.0000000
           1  'Si  '    25598.823011949724     
    1    1      0.0000000000      0.0000000000      0.0000000000
    2    1      0.2500000000      0.2500000000      0.2500000000

     Dynamical  Matrix in cartesian axes

     q = (    0.666666667   0.000000000   0.666666667 ) 

    1    1
  0.25695683   0.00000000     0.00000000   0.00879009     0.00885210   0.00000000
  0.00000000  -0.00879009     0.30190666   0.00000000     0.00000000  -0.00879009
  0.00885210   0.00000000     0.00000000   0.00879009     0.25695683   0.00000000
    1    2
  0.03115748   0.05396633    -0.06759415   0.03902550    -0.07093473  -0.12286255
 -0.06759415   0.03902550     0.04214498   0.07299725    -0.06759415   0.03902550
 -0.07093473  -0.12286255    -0.06759415   0.03902550     0.03115748   0.05396633
    2    1
  0.03115748  -0.05396633    -0.06759415  -0.03902550    -0.07093473   0.12286255
 -0.06759415  -0.03902550     0.04214498  -0.07299725    -0.06759415  -0.03902550
 -0.07093473   0.12286255    -0.06759415  -0.03902550     0.03115748  -0.05396633
    2    2
  0.25695683   0.00000000     0.00000000  -0.00879009     0.00885210   0.00000000
  0.00000000   0.00879009     0.30190666   0.00000000     0.00000000   0.00879009
  0.00885210   0.00000000     0.00000000  -0.00879009     0.25695683   0.00000000

     Dynamical  Matrix in cartesian axes

     q = (   -0.666666667   0.000000000   0.666666667 ) 

    1    1
  0.25695683   0.00000000    -0.00000000   0.00879009    -0.00885210   0.00000000
  0.00000000  -0.00879009     0.30190666   0.00000000    -0.00000000   0.00879009
 -0.00885210   0.00000000    -0.00000000  -0.00879009     0.25695683   0.00000000
    1    2
 -0.06231496  -0.00000000     0.00000000  -0.07805100    -0.14186946  -0.00000000
  0.00000000  -0.07805100    -0.08428997   0.00000000    -0.00000000   0.07805100
 -0.14186946  -0.00000000    -0.00000000   0.07805100    -0.06231496  -0.00000000
    2    1
 -0.06231496   0.00000000     0.00000000   0.07805100    -0.14186946   0.00000000
  0.00000000   0.07805100    -0.08428997   0.00000000    -0.00000000  -0.07805100
 -0.14186946   0.00000000    -0.00000000  -0.07805100    -0.06231496   0.00000000
    2    2
  0.25695683   0.00000000     0.00000000  -0.00879009    -0.00885210   0.00000000
 -0.00000000   0.00879009     0.30190666   0.00000000    -0.00000000  -0.00879009
 -0.00885210   0.00000000     0.00000000   0.00879009     0.25695683   0.00000000

     Dynamical  Matrix in cartesian axes

     q = (   -0.666666667   0.000000000  -0.666666667 ) 

    1    1
  0.25695683   0.00000000     0.00000000  -0.00879009     0.00885210   0.00000000
  0.00000000   0.00879009     0.30190666   0.00000000     0.00000000   0.00879009
  0.00885210   0.00000000     0.00000000  -0.00879009     0.25695683   0.00000000
    1    2
  0.03115748  -0.05396633    -0.06759415  -0.03902550    -0.07093473   0.12286255
 -0.06759415  -0.03902550     0.04214498  -0.07299725    -0.06759415  -0.03902550
 -0.07093473   0.12286255    -0.06759415  -0.03902550     0.03115748  -0.05396633
    2    1
  0.03115748   0.05396633    -0.06759415   0.03902550    -0.07093473  -0.12286255
 -0.06759415   0.03902550     0.04214498   0.07299725    -0.06759415   0.03902550
 -0.07093473  -0.12286255    -0.06759415   0.03902550     0.03115748   0.05396633
    2    2
  0.25695683   0.00000000     0.00000000   0.00879009     0.00885210   0.00000000
  0.00000000  -0.00879009     0.30190666   0.00000000     0.00000000  -0.00879009
  0.00885210   0.00000000     0.00000000   0.00879009     0.25695683   0.00000000

     Dynamical  Matrix in cartesian axes

     q = (    0.666666667   0.000000000  -0.666666667 ) 

    1    1
  0.25695683   0.00000000     0.00000000  -0.00879009    -0.00885210   0.00000000
 -0.00000000   0.00879009     0.30190666   0.00000000    -0.00000000  -0.00879009
 -0.00885210   0.00000000     0.00000000   0.00879009     0.25695683   0.00000000
    1    2
 -0.06231496   0.00000000     0.00000000   0.07805100    -0.14186946   0.00000000
  0.00000000   0.07805100    -0.08428997   0.00000000    -0.00000000  -0.07805100
 -0.14186946   0.00000000    -0.00000000  -0.07805100    -0.06231496   0.00000000
    2    1
 -0.06231496  -0.00000000     0.00000000  -0.07805100    -0.14186946  -0.00000000
  0.00000000  -0.07805100    -0.08428997  -0.00000000    -0.00000000   0.07805100
 -0.14186946  -0.00000000    -0.00000000   0.07805100    -0.06231496  -0.00000000
    2    2
  0.25695683   0.00000000     0.00000000   0.00879009    -0.00885210   0.00000000
 -0.00000000  -0.00879009     0.30190666   0.00000000    -0.00000000   0.00879009
 -0.00885210   0.00000000     0.00000000  -0.00879009     0.25695683   0.00000000

     Dynamical  Matrix in cartesian axes

     q = (    0.000000000   0.666666667  -0.666666667 ) 

    1    1
  0.30190666   0.00000000     0.00000000   0.00879009     0.00000000  -0.00879009
  0.00000000  -0.00879009     0.25695683   0.00000000    -0.00885210   0.00000000
  0.00000000   0.00879009    -0.00885210   0.00000000     0.25695683   0.00000000
    1    2
 -0.08428997   0.00000000     0.00000000   0.07805100    -0.00000000  -0.07805100
 -0.00000000   0.07805100    -0.06231496   0.00000000    -0.14186946   0.00000000
 -0.00000000  -0.07805100    -0.14186946   0.00000000    -0.06231496   0.00000000
    2    1
 -0.08428997  -0.00000000     0.00000000  -0.07805100    -0.00000000   0.07805100
  0.00000000  -0.07805100    -0.06231496  -0.00000000    -0.14186946   0.00000000
  0.00000000   0.07805100    -0.14186946   0.00000000    -0.06231496  -0.00000000
    2    2
  0.30190666   0.00000000     0.00000000  -0.00879009     0.00000000   0.00879009
  0.00000000   0.00879009     0.25695683   0.00000000    -0.00885210   0.00000000
  0.00000000  -0.00879009    -0.00885210   0.00000000     0.25695683   0.00000000

     Dynamical  Matrix in cartesian axes

     q = (   -0.666666667   0.666666667   0.000000000 ) 

    1    1
  0.25695683   0.00000000    -0.00885210   0.00000000     0.00000000   0.00879009
 -0.00885210   0.00000000     0.25695683   0.00000000     0.00000000  -0.00879009
 -0.00000000  -0.00879009     0.00000000   0.00879009     0.30190666   0.00000000
    1    2
 -0.06231496   0.00000000    -0.14186946   0.00000000     0.00000000  -0.07805100
 -0.14186946   0.00000000    -0.06231496   0.00000000     0.00000000   0.07805100
  0.00000000  -0.07805100    -0.00000000   0.07805100    -0.08428997  -0.00000000
    2    1
 -0.06231496  -0.00000000    -0.14186946   0.00000000     0.00000000   0.07805100
 -0.14186946   0.00000000    -0.06231496  -0.00000000     0.00000000  -0.07805100
  0.00000000   0.07805100     0.00000000  -0.07805100    -0.08428997   0.00000000
    2    2
  0.25695683   0.00000000    -0.00885210   0.00000000    -0.00000000  -0.00879009
 -0.00885210   0.00000000     0.25695683   0.00000000    -0.00000000   0.00879009
  0.00000000   0.00879009     0.00000000  -0.00879009     0.30190666   0.00000000

     Dynamical  Matrix in cartesian axes

     q = (    0.000000000   0.666666667   0.666666667 ) 

    1    1
  0.30190666   0.00000000     0.00000000  -0.00879009     0.00000000  -0.00879009
  0.00000000   0.00879009     0.25695683   0.00000000     0.00885210   0.00000000
 -0.00000000   0.00879009     0.00885210   0.00000000     0.25695683   0.00000000
    1    2
  0.04214498   0.07299725    -0.06759415   0.03902550    -0.06759415   0.03902550
 -0.06759415   0.03902550     0.03115748   0.05396633    -0.07093473  -0.12286255
 -0.06759415   0.03902550    -0.07093473  -0.12286255     0.03115748   0.05396633
    2    1
  0.04214498  -0.07299725    -0.06759415  -0.03902550    -0.06759415  -0.03902550
 -0.06759415  -0.03902550     0.03115748  -0.05396633    -0.07093473   0.12286255
 -0.06759415  -0.03902550    -0.07093473   0.12286255     0.03115748  -0.05396633
    2    2
  0.30190666   0.00000000     0.00000000   0.00879009     0.00000000   0.00879009
  0.00000000  -0.00879009     0.25695683   0.00000000     0.00885210   0.00000000
 -0.00000000  -0.00879009     0.00885210   0.00000000     0.25695683   0.00000000

     Dynamical  Matrix in cartesian axes

     q = (    0.000000000  -0.666666667  -0.666666667 ) 

    1    1
  0.30190666   0.00000000     0.00000000   0.00879009     0.00000000   0.00879009
  0.00000000  -0.00879009     0.25695683   0.00000000     0.00885210   0.00000000
 -0.00000000  -0.00879009     0.00885210   0.00000000     0.25695683   0.00000000
    1    2
  0.04214498  -0.07299725    -0.06759415  -0.03902550    -0.06759415  -0.03902550
 -0.06759415  -0.03902550     0.03115748  -0.05396633    -0.07093473   0.12286255
 -0.06759415  -0.03902550    -0.07093473   0.12286255     0.03115748  -0.05396633
    2    1
  0.04214498   0.07299725    -0.06759415   0.03902550    -0.06759415   0.03902550
 -0.06759415   0.03902550     0.03115748   0.05396633    -0.07093473  -0.12286255
 -0.06759415   0.03902550    -0.07093473  -0.12286255     0.03115748   0.05396633
    2    2
  0.30190666   0.00000000     0.00000000  -0.00879009     0.00000000  -0.00879009
  0.00000000   0.00879009     0.25695683   0.00000000     0.00885210   0.00000000
  0.00000000   0.00879009     0.00885210   0.00000000     0.25695683   0.00000000

     Dynamical  Matrix in cartesian axes

     q = (    0.666666667  -0.666666667   0.000000000 ) 

    1    1
  0.25695683   0.00000000    -0.00885210   0.00000000    -0.00000000  -0.00879009
 -0.00885210   0.00000000     0.25695683   0.00000000    -0.00000000   0.00879009
  0.00000000   0.00879009     0.00000000  -0.00879009     0.30190666   0.00000000
    1    2
 -0.06231496  -0.00000000    -0.14186946   0.00000000     0.00000000   0.07805100
 -0.14186946   0.00000000    -0.06231496  -0.00000000     0.00000000  -0.07805100
  0.00000000   0.07805100     0.00000000  -0.07805100    -0.08428997   0.00000000
    2    1
 -0.06231496   0.00000000    -0.14186946   0.00000000     0.00000000  -0.07805100
 -0.14186946   0.00000000    -0.06231496   0.00000000     0.00000000   0.07805100
  0.00000000  -0.07805100    -0.00000000   0.07805100    -0.08428997  -0.00000000
    2    2
  0.25695683   0.00000000    -0.00885210   0.00000000     0.00000000   0.00879009
 -0.00885210   0.00000000     0.25695683   0.00000000     0.00000000  -0.00879009
 -0.00000000  -0.00879009     0.00000000   0.00879009     0.30190666   0.00000000

     Dynamical  Matrix in cartesian axes

     q = (    0.666666667   0.666666667   0.000000000 ) 

    1    1
  0.25695683   0.00000000     0.00885210   0.00000000     0.00000000   0.00879009
  0.00885210   0.00000000     0.25695683   0.00000000     0.00000000   0.00879009
  0.00000000  -0.00879009     0.00000000  -0.00879009     0.30190666   0.00000000
    1    2
  0.03115748   0.05396633    -0.07093473  -0.12286255    -0.06759415   0.03902550
 -0.07093473  -0.12286255     0.03115748   0.05396633    -0.06759415   0.03902550
 -0.06759415   0.03902550    -0.06759415   0.03902550     0.04214498   0.07299725
    2    1
  0.03115748  -0.05396633    -0.07093473   0.12286255    -0.06759415  -0.03902550
 -0.07093473   0.12286255     0.03115748  -0.05396633    -0.06759415  -0.03902550
 -0.06759415  -0.03902550    -0.06759415  -0.03902550     0.04214498  -0.07299725
    2    2
  0.25695683   0.00000000     0.00885210   0.00000000     0.00000000  -0.00879009
  0.00885210   0.00000000     0.25695683   0.00000000     0.00000000  -0.00879009
  0.00000000   0.00879009     0.00000000   0.00879009     0.30190666   0.00000000

     Dynamical  Matrix in cartesian axes

     q = (   -0.666666667  -0.666666667   0.000000000 ) 

    1    1
  0.25695683   0.00000000     0.00885210   0.00000000     0.00000000  -0.00879009
  0.00885210   0.00000000     0.25695683   0.00000000     0.00000000  -0.00879009
  0.00000000   0.00879009     0.00000000   0.00879009     0.30190666   0.00000000
    1    2
  0.03115748  -0.05396633    -0.07093473   0.12286255    -0.06759415  -0.03902550
 -0.07093473   0.12286255     0.03115748  -0.05396633    -0.06759415  -0.03902550
 -0.06759415  -0.03902550    -0.06759415  -0.03902550     0.04214498  -0.07299725
    2    1
  0.03115748   0.05396633    -0.07093473  -0.12286255    -0.06759415   0.03902550
 -0.07093473  -0.12286255     0.03115748   0.05396633    -0.06759415   0.03902550
 -0.06759415   0.03902550    -0.06759415   0.03902550     0.04214498   0.07299725
    2    2
  0.25695683   0.00000000     0.00885210   0.00000000     0.00000000   0.00879009
  0.00885210   0.00000000     0.25695683   0.00000000     0.00000000   0.00879009
  0.00000000  -0.00879009     0.00000000  -0.00879009     0.30190666   0.00000000

     Dynamical  Matrix in cartesian axes

     q = (    0.000000000  -0.666666667   0.666666667 ) 

    1    1
  0.30190666   0.00000000     0.00000000  -0.00879009     0.00000000   0.00879009
  0.00000000   0.00879009     0.25695683   0.00000000    -0.00885210   0.00000000
  0.00000000  -0.00879009    -0.00885210   0.00000000     0.25695683   0.00000000
    1    2
 -0.08428997  -0.00000000     0.00000000  -0.07805100     0.00000000   0.07805100
  0.00000000  -0.07805100    -0.06231496  -0.00000000    -0.14186946   0.00000000
  0.00000000   0.07805100    -0.14186946   0.00000000    -0.06231496  -0.00000000
    2    1
 -0.08428997   0.00000000     0.00000000   0.07805100    -0.00000000  -0.07805100
 -0.00000000   0.07805100    -0.06231496   0.00000000    -0.14186946   0.00000000
 -0.00000000  -0.07805100    -0.14186946   0.00000000    -0.06231496   0.00000000
    2    2
  0.30190666   0.00000000     0.00000000   0.00879009     0.00000000  -0.00879009
  0.00000000  -0.00879009     0.25695683   0.00000000    -0.00885210   0.00000000
  0.00000000   0.00879009    -0.00885210   0.00000000     0.25695683   0.00000000

     Diagonalizing the dynamical matrix

     q = (    0.666666667   0.000000000   0.666666667 ) 

 **************************************************************************
     freq (    1) =       4.309211 [THz] =     143.739807 [cm-1]
 (  0.250000  0.433013 -0.000000  0.000000 -0.250000 -0.433013 ) 
 ( -0.500000 -0.000000  0.000000 -0.000000  0.500000  0.000000 ) 
     freq (    2) =       6.590703 [THz] =     219.842203 [cm-1]
 ( -0.190237 -0.329500 -0.397316  0.229390 -0.190237 -0.329500 ) 
 ( -0.380474 -0.000000  0.000000 -0.458781 -0.380474  0.000000 ) 
     freq (    3) =      10.100157 [THz] =     336.904969 [cm-1]
 ( -0.190722 -0.330340  0.395918 -0.228584 -0.190722 -0.330340 ) 
 (  0.381443 -0.000000 -0.000000 -0.457167  0.381443  0.000000 ) 
     freq (    4) =      11.283502 [THz] =     376.377097 [cm-1]
 (  0.162204  0.280945 -0.465983  0.269035  0.162204  0.280945 ) 
 (  0.324407 -0.000000 -0.000000 -0.538071  0.324407  0.000000 ) 
     freq (    5) =      13.828438 [THz] =     461.267030 [cm-1]
 (  0.250000  0.433013 -0.000000  0.000000 -0.250000 -0.433013 ) 
 (  0.500000 -0.000000  0.000000  0.000000 -0.500000  0.000000 ) 
     freq (    6) =      14.397463 [THz] =     480.247658 [cm-1]
 ( -0.161633 -0.279957 -0.467171  0.269721 -0.161633 -0.279957 ) 
 (  0.323266 -0.000000  0.000000  0.539442  0.323266  0.000000 ) 
 **************************************************************************
