Dynamical matrix file
phonons of Si                                                              
  1    2   2  10.2000000   0.0000000   0.0000000   0.0000000   0.0000000   0.0000000
           1  'Si  '    25598.823011949724     
    1    1      0.0000000000      0.0000000000      0.0000000000
    2    1      0.2500000000      0.2500000000      0.2500000000

     Dynamical  Matrix in cartesian axes

     q = (    0.333333333   0.000000000   0.333333333 ) 

    1    1
  0.27427102   0.00000000     0.00000000   0.00535981     0.00893746   0.00000000
  0.00000000  -0.00535981     0.27544527   0.00000000     0.00000000  -0.00535981
  0.00893746   0.00000000     0.00000000   0.00535981     0.27427102   0.00000000
    1    2
 -0.09798502   0.16971504    -0.06471257  -0.03736182     0.02193362  -0.03799015
 -0.06471257  -0.03736182    -0.10275007   0.17796834    -0.06471257  -0.03736182
  0.02193362  -0.03799015    -0.06471257  -0.03736182    -0.09798502   0.16971504
    2    1
 -0.09798502  -0.16971504    -0.06471257   0.03736182     0.02193362   0.03799015
 -0.06471257   0.03736182    -0.10275007  -0.17796834    -0.06471257   0.03736182
  0.02193362   0.03799015    -0.06471257   0.03736182    -0.09798502  -0.16971504
    2    2
  0.27427102   0.00000000     0.00000000  -0.00535981     0.00893746   0.00000000
  0.00000000   0.00535981     0.27544527   0.00000000     0.00000000   0.00535981
  0.00893746   0.00000000     0.00000000  -0.00535981     0.27427102   0.00000000

     Dynamical  Matrix in cartesian axes

     q = (   -0.333333333   0.000000000   0.333333333 ) 

    1    1
  0.27427102   0.00000000    -0.00000000   0.00535981    -0.00893746   0.00000000
  0.00000000  -0.00535981     0.27544527   0.00000000    -0.00000000   0.00535981
 -0.00893746   0.00000000    -0.00000000  -0.00535981     0.27427102   0.00000000
    1    2
 -0.19597005   0.00000000     0.00000000  -0.07472364    -0.04386724  -0.00000000
  0.00000000  -0.07472364    -0.20550014   0.00000000    -0.00000000   0.07472364
 -0.04386724   0.00000000     0.00000000   0.07472364    -0.19597005  -0.00000000
    2    1
 -0.19597005   0.00000000    -0.00000000   0.07472364    -0.04386724  -0.00000000
  0.00000000   0.07472364    -0.20550014  -0.00000000     0.00000000  -0.07472364
 -0.04386724   0.00000000     0.00000000  -0.07472364    -0.19597005  -0.00000000
    2    2
  0.27427102   0.00000000     0.00000000  -0.00535981    -0.00893746   0.00000000
  0.00000000   0.00535981     0.27544527   0.00000000     0.00000000  -0.00535981
 -0.00893746   0.00000000     0.00000000   0.00535981     0.27427102   0.00000000

     Dynamical  Matrix in cartesian axes

     q = (    0.333333333   0.000000000  -0.333333333 ) 

    1    1
  0.27427102   0.00000000     0.00000000  -0.00535981    -0.00893746   0.00000000
  0.00000000   0.00535981     0.27544527   0.00000000     0.00000000  -0.00535981
 -0.00893746   0.00000000     0.00000000   0.00535981     0.27427102   0.00000000
    1    2
 -0.19597005   0.00000000     0.00000000   0.07472364    -0.04386724   0.00000000
  0.00000000   0.07472364    -0.20550014  -0.00000000     0.00000000  -0.07472364
 -0.04386724   0.00000000     0.00000000  -0.07472364    -0.19597005   0.00000000
    2    1
 -0.19597005   0.00000000     0.00000000  -0.07472364    -0.04386724  -0.00000000
  0.00000000  -0.07472364    -0.20550014   0.00000000    -0.00000000   0.07472364
 -0.04386724   0.00000000     0.00000000   0.07472364    -0.19597005  -0.00000000
    2    2
  0.27427102   0.00000000     0.00000000   0.00535981    -0.00893746   0.00000000
  0.00000000  -0.00535981     0.27544527   0.00000000     0.00000000   0.00535981
 -0.00893746   0.00000000     0.00000000  -0.00535981     0.27427102   0.00000000

     Dynamical  Matrix in cartesian axes

     q = (   -0.333333333   0.000000000  -0.333333333 ) 

    1    1
  0.27427102   0.00000000     0.00000000  -0.00535981     0.00893746   0.00000000
  0.00000000   0.00535981     0.27544527   0.00000000     0.00000000   0.00535981
  0.00893746   0.00000000     0.00000000  -0.00535981     0.27427102   0.00000000
    1    2
 -0.09798502  -0.16971504    -0.06471257   0.03736182     0.02193362   0.03799015
 -0.06471257   0.03736182    -0.10275007  -0.17796834    -0.06471257   0.03736182
  0.02193362   0.03799015    -0.06471257   0.03736182    -0.09798502  -0.16971504
    2    1
 -0.09798502   0.16971504    -0.06471257  -0.03736182     0.02193362  -0.03799015
 -0.06471257  -0.03736182    -0.10275007   0.17796834    -0.06471257  -0.03736182
  0.02193362  -0.03799015    -0.06471257  -0.03736182    -0.09798502   0.16971504
    2    2
  0.27427102   0.00000000     0.00000000   0.00535981     0.00893746   0.00000000
  0.00000000  -0.00535981     0.27544527   0.00000000     0.00000000  -0.00535981
  0.00893746   0.00000000     0.00000000   0.00535981     0.27427102   0.00000000

     Dynamical  Matrix in cartesian axes

     q = (    0.000000000   0.333333333  -0.333333333 ) 

    1    1
  0.27544527   0.00000000     0.00000000   0.00535981     0.00000000  -0.00535981
  0.00000000  -0.00535981     0.27427102   0.00000000    -0.00893746   0.00000000
  0.00000000   0.00535981    -0.00893746   0.00000000     0.27427102   0.00000000
    1    2
 -0.20550014  -0.00000000    -0.00000000   0.07472364     0.00000000  -0.07472364
 -0.00000000   0.07472364    -0.19597005  -0.00000000    -0.04386724  -0.00000000
  0.00000000  -0.07472364    -0.04386724  -0.00000000    -0.19597005  -0.00000000
    2    1
 -0.20550014  -0.00000000     0.00000000  -0.07472364    -0.00000000   0.07472364
 -0.00000000  -0.07472364    -0.19597005  -0.00000000    -0.04386724  -0.00000000
  0.00000000   0.07472364    -0.04386724  -0.00000000    -0.19597005  -0.00000000
    2    2
  0.27544527   0.00000000     0.00000000  -0.00535981     0.00000000   0.00535981
  0.00000000   0.00535981     0.27427102   0.00000000    -0.00893746   0.00000000
  0.00000000  -0.00535981    -0.00893746   0.00000000     0.27427102   0.00000000

     Dynamical  Matrix in cartesian axes

     q = (   -0.333333333   0.333333333   0.000000000 ) 

    1    1
  0.27427102   0.00000000    -0.00893746   0.00000000     0.00000000   0.00535981
 -0.00893746   0.00000000     0.27427102   0.00000000     0.00000000  -0.00535981
 -0.00000000  -0.00535981     0.00000000   0.00535981     0.27544527   0.00000000
    1    2
 -0.19597005   0.00000000    -0.04386724   0.00000000     0.00000000  -0.07472364
 -0.04386724   0.00000000    -0.19597005   0.00000000     0.00000000   0.07472364
  0.00000000  -0.07472364    -0.00000000   0.07472364    -0.20550014   0.00000000
    2    1
 -0.19597005   0.00000000    -0.04386724  -0.00000000     0.00000000   0.07472364
 -0.04386724   0.00000000    -0.19597005  -0.00000000     0.00000000  -0.07472364
 -0.00000000   0.07472364     0.00000000  -0.07472364    -0.20550014  -0.00000000
    2    2
  0.27427102   0.00000000    -0.00893746   0.00000000     0.00000000  -0.00535981
 -0.00893746   0.00000000     0.27427102   0.00000000     0.00000000   0.00535981
  0.00000000   0.00535981     0.00000000  -0.00535981     0.27544527   0.00000000

     Dynamical  Matrix in cartesian axes

     q = (    0.000000000   0.333333333   0.333333333 ) 

    1    1
  0.27544527   0.00000000     0.00000000  -0.00535981     0.00000000  -0.00535981
  0.00000000   0.00535981     0.27427102   0.00000000     0.00893746   0.00000000
  0.00000000   0.00535981     0.00893746   0.00000000     0.27427102   0.00000000
    1    2
 -0.10275007   0.17796834    -0.06471257  -0.03736182    -0.06471257  -0.03736182
 -0.06471257  -0.03736182    -0.09798502   0.16971504     0.02193362  -0.03799015
 -0.06471257  -0.03736182     0.02193362  -0.03799015    -0.09798502   0.16971504
    2    1
 -0.10275007  -0.17796834    -0.06471257   0.03736182    -0.06471257   0.03736182
 -0.06471257   0.03736182    -0.09798502  -0.16971504     0.02193362   0.03799015
 -0.06471257   0.03736182     0.02193362   0.03799015    -0.09798502  -0.16971504
    2    2
  0.27544527   0.00000000     0.00000000   0.00535981     0.00000000   0.00535981
  0.00000000  -0.00535981     0.27427102   0.00000000     0.00893746   0.00000000
  0.00000000  -0.00535981     0.00893746   0.00000000     0.27427102   0.00000000

     Dynamical  Matrix in cartesian axes

     q = (    0.000000000  -0.333333333  -0.333333333 ) 

    1    1
  0.27544527   0.00000000     0.00000000   0.00535981     0.00000000   0.00535981
  0.00000000  -0.00535981     0.27427102   0.00000000     0.00893746   0.00000000
  0.00000000  -0.00535981     0.00893746   0.00000000     0.27427102   0.00000000
    1    2
 -0.10275007  -0.17796834    -0.06471257   0.03736182    -0.06471257   0.03736182
 -0.06471257   0.03736182    -0.09798502  -0.16971504     0.02193362   0.03799015
 -0.06471257   0.03736182     0.02193362   0.03799015    -0.09798502  -0.16971504
    2    1
 -0.10275007   0.17796834    -0.06471257  -0.03736182    -0.06471257  -0.03736182
 -0.06471257  -0.03736182    -0.09798502   0.16971504     0.02193362  -0.03799015
 -0.06471257  -0.03736182     0.02193362  -0.03799015    -0.09798502   0.16971504
    2    2
  0.27544527   0.00000000     0.00000000  -0.00535981     0.00000000  -0.00535981
  0.00000000   0.00535981     0.27427102   0.00000000     0.00893746   0.00000000
  0.00000000   0.00535981     0.00893746   0.00000000     0.27427102   0.00000000

     Dynamical  Matrix in cartesian axes

     q = (    0.333333333  -0.333333333   0.000000000 ) 

    1    1
  0.27427102   0.00000000    -0.00893746   0.00000000     0.00000000  -0.00535981
 -0.00893746   0.00000000     0.27427102   0.00000000     0.00000000   0.00535981
  0.00000000   0.00535981     0.00000000  -0.00535981     0.27544527   0.00000000
    1    2
 -0.19597005  -0.00000000    -0.04386724   0.00000000    -0.00000000   0.07472364
 -0.04386724  -0.00000000    -0.19597005   0.00000000     0.00000000  -0.07472364
 -0.00000000   0.07472364     0.00000000  -0.07472364    -0.20550014  -0.00000000
    2    1
 -0.19597005   0.00000000    -0.04386724   0.00000000     0.00000000  -0.07472364
 -0.04386724   0.00000000    -0.19597005   0.00000000     0.00000000   0.07472364
  0.00000000  -0.07472364    -0.00000000   0.07472364    -0.20550014   0.00000000
    2    2
  0.27427102   0.00000000    -0.00893746   0.00000000     0.00000000   0.00535981
 -0.00893746   0.00000000     0.27427102   0.00000000     0.00000000  -0.00535981
 -0.00000000  -0.00535981     0.00000000   0.00535981     0.27544527   0.00000000

     Dynamical  Matrix in cartesian axes

     q = (    0.333333333   0.333333333   0.000000000 ) 

    1    1
  0.27427102   0.00000000     0.00893746   0.00000000     0.00000000   0.00535981
  0.00893746   0.00000000     0.27427102   0.00000000     0.00000000   0.00535981
  0.00000000  -0.00535981     0.00000000  -0.00535981     0.27544527   0.00000000
    1    2
 -0.09798502   0.16971504     0.02193362  -0.03799015    -0.06471257  -0.03736182
  0.02193362  -0.03799015    -0.09798502   0.16971504    -0.06471257  -0.03736182
 -0.06471257  -0.03736182    -0.06471257  -0.03736182    -0.10275007   0.17796834
    2    1
 -0.09798502  -0.16971504     0.02193362   0.03799015    -0.06471257   0.03736182
  0.02193362   0.03799015    -0.09798502  -0.16971504    -0.06471257   0.03736182
 -0.06471257   0.03736182    -0.06471257   0.03736182    -0.10275007  -0.17796834
    2    2
  0.27427102   0.00000000     0.00893746   0.00000000     0.00000000  -0.00535981
  0.00893746   0.00000000     0.27427102   0.00000000     0.00000000  -0.00535981
 -0.00000000   0.00535981     0.00000000   0.00535981     0.27544527   0.00000000

     Dynamical  Matrix in cartesian axes

     q = (   -0.333333333  -0.333333333   0.000000000 ) 

    1    1
  0.27427102   0.00000000     0.00893746   0.00000000     0.00000000  -0.00535981
  0.00893746   0.00000000     0.27427102   0.00000000     0.00000000  -0.00535981
 -0.00000000   0.00535981     0.00000000   0.00535981     0.27544527   0.00000000
    1    2
 -0.09798502  -0.16971504     0.02193362   0.03799015    -0.06471257   0.03736182
  0.02193362   0.03799015    -0.09798502  -0.16971504    -0.06471257   0.03736182
 -0.06471257   0.03736182    -0.06471257   0.03736182    -0.10275007  -0.17796834
    2    1
 -0.09798502   0.16971504     0.02193362  -0.03799015    -0.06471257  -0.03736182
  0.02193362  -0.03799015    -0.09798502   0.16971504    -0.06471257  -0.03736182
 -0.06471257  -0.03736182    -0.06471257  -0.03736182    -0.10275007   0.17796834
    2    2
  0.27427102   0.00000000     0.00893746   0.00000000     0.00000000   0.00535981
  0.00893746   0.00000000     0.27427102   0.00000000     0.00000000   0.00535981
 -0.00000000  -0.00535981     0.00000000  -0.00535981     0.27544527   0.00000000

     Dynamical  Matrix in cartesian axes

     q = (    0.000000000  -0.333333333   0.333333333 ) 

    1    1
  0.27544527   0.00000000     0.00000000  -0.00535981     0.00000000   0.00535981
  0.00000000   0.00535981     0.27427102   0.00000000    -0.00893746   0.00000000
  0.00000000  -0.00535981    -0.00893746   0.00000000     0.27427102   0.00000000
    1    2
 -0.20550014  -0.00000000     0.00000000  -0.07472364     0.00000000   0.07472364
 -0.00000000  -0.07472364    -0.19597005  -0.00000000    -0.04386724  -0.00000000
  0.00000000   0.07472364    -0.04386724  -0.00000000    -0.19597005  -0.00000000
    2    1
 -0.20550014  -0.00000000    -0.00000000   0.07472364     0.00000000  -0.07472364
 -0.00000000   0.07472364    -0.19597005  -0.00000000    -0.04386724  -0.00000000
 -0.00000000  -0.07472364    -0.04386724  -0.00000000    -0.19597005  -0.00000000
    2    2
  0.27544527   0.00000000     0.00000000   0.00535981     0.00000000  -0.00535981
  0.00000000  -0.00535981     0.27427102   0.00000000    -0.00893746   0.00000000
  0.00000000   0.00535981    -0.00893746   0.00000000     0.27427102   0.00000000

     Diagonalizing the dynamical matrix

     q = (    0.333333333   0.000000000   0.333333333 ) 

 **************************************************************************
     freq (    1) =       3.283246 [THz] =     109.517294 [cm-1]
 ( -0.250000  0.433013 -0.000000  0.000000  0.250000 -0.433013 ) 
 ( -0.500000  0.000000 -0.000000  0.000000  0.500000 -0.000000 ) 
     freq (    2) =       4.375112 [THz] =     145.938028 [cm-1]
 ( -0.060977  0.105615  0.593878  0.342876 -0.060977  0.105615 ) 
 (  0.121953 -0.000000  0.000000  0.685751  0.121953  0.000000 ) 
     freq (    3) =       6.425153 [THz] =     214.320045 [cm-1]
 (  0.239753 -0.415265  0.173522  0.100183  0.239753 -0.415265 ) 
 (  0.479507 -0.000000 -0.000000 -0.200366  0.479507  0.000000 ) 
     freq (    4) =      13.945551 [THz] =     465.173507 [cm-1]
 (  0.242450 -0.419935  0.149362  0.086234  0.242450 -0.419935 ) 
 ( -0.484899 -0.000000  0.000000  0.172468 -0.484899  0.000000 ) 
     freq (    5) =      14.614507 [THz] =     487.487490 [cm-1]
 (  0.250000 -0.433013  0.000000  0.000000 -0.250000  0.433013 ) 
 ( -0.500000 -0.000000  0.000000 -0.000000  0.500000  0.000000 ) 
     freq (    6) =      14.747531 [THz] =     491.924695 [cm-1]
 (  0.070840 -0.122699 -0.587273 -0.339062  0.070840 -0.122699 ) 
 (  0.141680  0.000000 -0.000000  0.678125  0.141680  0.000000 ) 
 **************************************************************************
