Dynamical matrix file
phonons of Si                                                              
  1    2   2  10.2000000   0.0000000   0.0000000   0.0000000   0.0000000   0.0000000
           1  'Si  '    25598.823011949724     
    1    1      0.0000000000      0.0000000000      0.0000000000
    2    1      0.2500000000      0.2500000000      0.2500000000

     Dynamical  Matrix in cartesian axes

     q = (    0.500000000  -0.166666667   0.833333333 ) 

    1    1
  0.25020189   0.00000000    -0.00558677   0.00107943     0.00558677   0.00107943
 -0.00558677  -0.00107943     0.28015586  -0.00000000    -0.00385191  -0.01616212
  0.00558677  -0.00107943    -0.00385191   0.01616212     0.28015586   0.00000000
    1    2
 -0.03069124   0.05315879    -0.11340532   0.04180088    -0.02050204  -0.11911233
 -0.11340532   0.04180088    -0.03077623   0.06175877    -0.02353222   0.04075900
 -0.02050204  -0.11911233    -0.02353222   0.04075900    -0.03809655   0.05753239
    2    1
 -0.03069124  -0.05315879    -0.11340532  -0.04180088    -0.02050204   0.11911233
 -0.11340532  -0.04180088    -0.03077623  -0.06175877    -0.02353222  -0.04075900
 -0.02050204   0.11911233    -0.02353222  -0.04075900    -0.03809655  -0.05753239
    2    2
  0.25020189   0.00000000    -0.00558677  -0.00107943     0.00558677  -0.00107943
 -0.00558677   0.00107943     0.28015586   0.00000000    -0.00385191   0.01616212
  0.00558677   0.00107943    -0.00385191  -0.01616212     0.28015586  -0.00000000

     Dynamical  Matrix in cartesian axes

     q = (    0.833333333   0.166666667   0.500000000 ) 

    1    1
  0.28015586  -0.00000000     0.00385191   0.01616212     0.00558677   0.00107943
  0.00385191  -0.01616212     0.28015586   0.00000000     0.00558677  -0.00107943
  0.00558677  -0.00107943     0.00558677   0.00107943     0.25020189   0.00000000
    1    2
  0.06887278  -0.00422639    -0.04706444   0.00000000    -0.09290328  -0.07731145
 -0.04706444   0.00000000     0.06887278   0.00422639    -0.09290328   0.07731145
 -0.09290328  -0.07731145    -0.09290328   0.07731145     0.06138248  -0.00000000
    2    1
  0.06887278   0.00422639    -0.04706444  -0.00000000    -0.09290328   0.07731145
 -0.04706444   0.00000000     0.06887278  -0.00422639    -0.09290328  -0.07731145
 -0.09290328   0.07731145    -0.09290328  -0.07731145     0.06138248   0.00000000
    2    2
  0.28015586   0.00000000     0.00385191  -0.01616212     0.00558677  -0.00107943
  0.00385191   0.01616212     0.28015586  -0.00000000     0.00558677   0.00107943
  0.00558677   0.00107943     0.00558677  -0.00107943     0.25020189  -0.00000000

     Dynamical  Matrix in cartesian axes

     q = (    0.500000000   0.166666667   0.833333333 ) 

    1    1
  0.25020189   0.00000000     0.00558677   0.00107943     0.00558677  -0.00107943
  0.00558677  -0.00107943     0.28015586   0.00000000     0.00385191  -0.01616212
  0.00558677   0.00107943     0.00385191   0.01616212     0.28015586   0.00000000
    1    2
  0.06138248   0.00000000    -0.09290328   0.07731145    -0.09290328  -0.07731145
 -0.09290328   0.07731145     0.06887278   0.00422639    -0.04706444  -0.00000000
 -0.09290328  -0.07731145    -0.04706444   0.00000000     0.06887278  -0.00422639
    2    1
  0.06138248  -0.00000000    -0.09290328  -0.07731145    -0.09290328   0.07731145
 -0.09290328  -0.07731145     0.06887278  -0.00422639    -0.04706444   0.00000000
 -0.09290328   0.07731145    -0.04706444  -0.00000000     0.06887278   0.00422639
    2    2
  0.25020189  -0.00000000     0.00558677  -0.00107943     0.00558677   0.00107943
  0.00558677   0.00107943     0.28015586  -0.00000000     0.00385191   0.01616212
  0.00558677  -0.00107943     0.00385191  -0.01616212     0.28015586  -0.00000000

     Dynamical  Matrix in cartesian axes

     q = (   -0.833333333  -0.166666667   0.500000000 ) 

    1    1
  0.28015586  -0.00000000     0.00385191   0.01616212    -0.00558677  -0.00107943
  0.00385191  -0.01616212     0.28015586   0.00000000    -0.00558677   0.00107943
 -0.00558677   0.00107943    -0.00558677  -0.00107943     0.25020189  -0.00000000
    1    2
 -0.06887278   0.00422639     0.04706444   0.00000000    -0.09290328  -0.07731145
  0.04706444   0.00000000    -0.06887278  -0.00422639    -0.09290328   0.07731145
 -0.09290328  -0.07731145    -0.09290328   0.07731145    -0.06138248  -0.00000000
    2    1
 -0.06887278  -0.00422639     0.04706444  -0.00000000    -0.09290328   0.07731145
  0.04706444  -0.00000000    -0.06887278   0.00422639    -0.09290328  -0.07731145
 -0.09290328   0.07731145    -0.09290328  -0.07731145    -0.06138248   0.00000000
    2    2
  0.28015586   0.00000000     0.00385191  -0.01616212    -0.00558677   0.00107943
  0.00385191   0.01616212     0.28015586  -0.00000000    -0.00558677  -0.00107943
 -0.00558677  -0.00107943    -0.00558677   0.00107943     0.25020189   0.00000000

     Dynamical  Matrix in cartesian axes

     q = (   -0.833333333  -0.166666667  -0.500000000 ) 

    1    1
  0.28015586   0.00000000     0.00385191  -0.01616212     0.00558677  -0.00107943
  0.00385191   0.01616212     0.28015586  -0.00000000     0.00558677   0.00107943
  0.00558677   0.00107943     0.00558677  -0.00107943     0.25020189  -0.00000000
    1    2
  0.06887278   0.00422639    -0.04706444  -0.00000000    -0.09290328   0.07731145
 -0.04706444   0.00000000     0.06887278  -0.00422639    -0.09290328  -0.07731145
 -0.09290328   0.07731145    -0.09290328  -0.07731145     0.06138248   0.00000000
    2    1
  0.06887278  -0.00422639    -0.04706444   0.00000000    -0.09290328  -0.07731145
 -0.04706444   0.00000000     0.06887278   0.00422639    -0.09290328   0.07731145
 -0.09290328  -0.07731145    -0.09290328   0.07731145     0.06138248  -0.00000000
    2    2
  0.28015586  -0.00000000     0.00385191   0.01616212     0.00558677   0.00107943
  0.00385191  -0.01616212     0.28015586   0.00000000     0.00558677  -0.00107943
  0.00558677  -0.00107943     0.00558677   0.00107943     0.25020189   0.00000000

     Dynamical  Matrix in cartesian axes

     q = (   -0.500000000  -0.166666667  -0.833333333 ) 

    1    1
  0.25020189  -0.00000000     0.00558677  -0.00107943     0.00558677   0.00107943
  0.00558677   0.00107943     0.28015586  -0.00000000     0.00385191   0.01616212
  0.00558677  -0.00107943     0.00385191  -0.01616212     0.28015586  -0.00000000
    1    2
  0.06138248  -0.00000000    -0.09290328  -0.07731145    -0.09290328   0.07731145
 -0.09290328  -0.07731145     0.06887278  -0.00422639    -0.04706444   0.00000000
 -0.09290328   0.07731145    -0.04706444  -0.00000000     0.06887278   0.00422639
    2    1
  0.06138248   0.00000000    -0.09290328   0.07731145    -0.09290328  -0.07731145
 -0.09290328   0.07731145     0.06887278   0.00422639    -0.04706444  -0.00000000
 -0.09290328  -0.07731145    -0.04706444   0.00000000     0.06887278  -0.00422639
    2    2
  0.25020189   0.00000000     0.00558677   0.00107943     0.00558677  -0.00107943
  0.00558677  -0.00107943     0.28015586   0.00000000     0.00385191  -0.01616212
  0.00558677   0.00107943     0.00385191   0.01616212     0.28015586   0.00000000

     Dynamical  Matrix in cartesian axes

     q = (    0.833333333  -0.166666667   0.500000000 ) 

    1    1
  0.28015586   0.00000000    -0.00385191   0.01616212     0.00558677  -0.00107943
 -0.00385191  -0.01616212     0.28015586   0.00000000    -0.00558677  -0.00107943
  0.00558677   0.00107943    -0.00558677   0.00107943     0.25020189   0.00000000
    1    2
 -0.03809655   0.05753239    -0.02353222   0.04075900    -0.02050204  -0.11911233
 -0.02353222   0.04075900    -0.03077623   0.06175877    -0.11340532   0.04180088
 -0.02050204  -0.11911233    -0.11340532   0.04180088    -0.03069124   0.05315879
    2    1
 -0.03809655  -0.05753239    -0.02353222  -0.04075900    -0.02050204   0.11911233
 -0.02353222  -0.04075900    -0.03077623  -0.06175877    -0.11340532  -0.04180088
 -0.02050204   0.11911233    -0.11340532  -0.04180088    -0.03069124  -0.05315879
    2    2
  0.28015586   0.00000000    -0.00385191  -0.01616212     0.00558677   0.00107943
 -0.00385191   0.01616212     0.28015586   0.00000000    -0.00558677   0.00107943
  0.00558677  -0.00107943    -0.00558677  -0.00107943     0.25020189   0.00000000

     Dynamical  Matrix in cartesian axes

     q = (   -0.500000000  -0.166666667   0.833333333 ) 

    1    1
  0.25020189  -0.00000000     0.00558677   0.00107943    -0.00558677   0.00107943
  0.00558677  -0.00107943     0.28015586   0.00000000    -0.00385191   0.01616212
 -0.00558677  -0.00107943    -0.00385191  -0.01616212     0.28015586  -0.00000000
    1    2
 -0.03069124   0.05315879    -0.02050204  -0.11911233    -0.11340532   0.04180088
 -0.02050204  -0.11911233    -0.03809655   0.05753239    -0.02353222   0.04075900
 -0.11340532   0.04180088    -0.02353222   0.04075900    -0.03077623   0.06175877
    2    1
 -0.03069124  -0.05315879    -0.02050204   0.11911233    -0.11340532  -0.04180088
 -0.02050204   0.11911233    -0.03809655  -0.05753239    -0.02353222  -0.04075900
 -0.11340532  -0.04180088    -0.02353222  -0.04075900    -0.03077623  -0.06175877
    2    2
  0.25020189   0.00000000     0.00558677  -0.00107943    -0.00558677  -0.00107943
  0.00558677   0.00107943     0.28015586  -0.00000000    -0.00385191  -0.01616212
 -0.00558677   0.00107943    -0.00385191   0.01616212     0.28015586   0.00000000

     Dynamical  Matrix in cartesian axes

     q = (   -0.833333333   0.166666667   0.500000000 ) 

    1    1
  0.28015586   0.00000000    -0.00385191   0.01616212    -0.00558677   0.00107943
 -0.00385191  -0.01616212     0.28015586   0.00000000     0.00558677   0.00107943
 -0.00558677  -0.00107943     0.00558677  -0.00107943     0.25020189   0.00000000
    1    2
 -0.03077623  -0.06175877    -0.02353222  -0.04075900    -0.11340532  -0.04180088
 -0.02353222  -0.04075900    -0.03809655  -0.05753239    -0.02050204   0.11911233
 -0.11340532  -0.04180088    -0.02050204   0.11911233    -0.03069124  -0.05315879
    2    1
 -0.03077623   0.06175877    -0.02353222   0.04075900    -0.11340532   0.04180088
 -0.02353222   0.04075900    -0.03809655   0.05753239    -0.02050204  -0.11911233
 -0.11340532   0.04180088    -0.02050204  -0.11911233    -0.03069124   0.05315879
    2    2
  0.28015586   0.00000000    -0.00385191  -0.01616212    -0.00558677  -0.00107943
 -0.00385191   0.01616212     0.28015586   0.00000000     0.00558677  -0.00107943
 -0.00558677   0.00107943     0.00558677   0.00107943     0.25020189   0.00000000

     Dynamical  Matrix in cartesian axes

     q = (    0.833333333   0.166666667  -0.500000000 ) 

    1    1
  0.28015586   0.00000000     0.00385191  -0.01616212    -0.00558677   0.00107943
  0.00385191   0.01616212     0.28015586  -0.00000000    -0.00558677  -0.00107943
 -0.00558677  -0.00107943    -0.00558677   0.00107943     0.25020189   0.00000000
    1    2
 -0.06887278  -0.00422639     0.04706444  -0.00000000    -0.09290328   0.07731145
  0.04706444  -0.00000000    -0.06887278   0.00422639    -0.09290328  -0.07731145
 -0.09290328   0.07731145    -0.09290328  -0.07731145    -0.06138248   0.00000000
    2    1
 -0.06887278   0.00422639     0.04706444   0.00000000    -0.09290328  -0.07731145
  0.04706444   0.00000000    -0.06887278  -0.00422639    -0.09290328   0.07731145
 -0.09290328  -0.07731145    -0.09290328   0.07731145    -0.06138248  -0.00000000
    2    2
  0.28015586  -0.00000000     0.00385191   0.01616212    -0.00558677  -0.00107943
  0.00385191  -0.01616212     0.28015586   0.00000000    -0.00558677   0.00107943
 -0.00558677   0.00107943    -0.00558677  -0.00107943     0.25020189  -0.00000000

     Dynamical  Matrix in cartesian axes

     q = (    0.833333333  -0.166666667  -0.500000000 ) 

    1    1
  0.28015586   0.00000000    -0.00385191  -0.01616212    -0.00558677  -0.00107943
 -0.00385191   0.01616212     0.28015586   0.00000000     0.00558677  -0.00107943
 -0.00558677   0.00107943     0.00558677   0.00107943     0.25020189   0.00000000
    1    2
 -0.03077623   0.06175877    -0.02353222   0.04075900    -0.11340532   0.04180088
 -0.02353222   0.04075900    -0.03809655   0.05753239    -0.02050204  -0.11911233
 -0.11340532   0.04180088    -0.02050204  -0.11911233    -0.03069124   0.05315879
    2    1
 -0.03077623  -0.06175877    -0.02353222  -0.04075900    -0.11340532  -0.04180088
 -0.02353222  -0.04075900    -0.03809655  -0.05753239    -0.02050204   0.11911233
 -0.11340532  -0.04180088    -0.02050204   0.11911233    -0.03069124  -0.05315879
    2    2
  0.28015586   0.00000000    -0.00385191   0.01616212    -0.00558677   0.00107943
 -0.00385191  -0.01616212     0.28015586   0.00000000     0.00558677   0.00107943
 -0.00558677  -0.00107943     0.00558677  -0.00107943     0.25020189   0.00000000

     Dynamical  Matrix in cartesian axes

     q = (    0.500000000   0.166666667  -0.833333333 ) 

    1    1
  0.25020189   0.00000000     0.00558677  -0.00107943    -0.00558677  -0.00107943
  0.00558677   0.00107943     0.28015586  -0.00000000    -0.00385191  -0.01616212
 -0.00558677   0.00107943    -0.00385191   0.01616212     0.28015586   0.00000000
    1    2
 -0.03069124  -0.05315879    -0.02050204   0.11911233    -0.11340532  -0.04180088
 -0.02050204   0.11911233    -0.03809655  -0.05753239    -0.02353222  -0.04075900
 -0.11340532  -0.04180088    -0.02353222  -0.04075900    -0.03077623  -0.06175877
    2    1
 -0.03069124   0.05315879    -0.02050204  -0.11911233    -0.11340532   0.04180088
 -0.02050204  -0.11911233    -0.03809655   0.05753239    -0.02353222   0.04075900
 -0.11340532   0.04180088    -0.02353222   0.04075900    -0.03077623   0.06175877
    2    2
  0.25020189  -0.00000000     0.00558677   0.00107943    -0.00558677   0.00107943
  0.00558677  -0.00107943     0.28015586   0.00000000    -0.00385191   0.01616212
 -0.00558677  -0.00107943    -0.00385191  -0.01616212     0.28015586  -0.00000000

     Dynamical  Matrix in cartesian axes

     q = (   -0.500000000   0.166666667   0.833333333 ) 

    1    1
  0.25020189   0.00000000    -0.00558677   0.00107943    -0.00558677  -0.00107943
 -0.00558677  -0.00107943     0.28015586   0.00000000     0.00385191   0.01616212
 -0.00558677   0.00107943     0.00385191  -0.01616212     0.28015586   0.00000000
    1    2
 -0.06138248  -0.00000000    -0.09290328  -0.07731145    -0.09290328   0.07731145
 -0.09290328  -0.07731145    -0.06887278   0.00422639     0.04706444  -0.00000000
 -0.09290328   0.07731145     0.04706444   0.00000000    -0.06887278  -0.00422639
    2    1
 -0.06138248   0.00000000    -0.09290328   0.07731145    -0.09290328  -0.07731145
 -0.09290328   0.07731145    -0.06887278  -0.00422639     0.04706444   0.00000000
 -0.09290328  -0.07731145     0.04706444  -0.00000000    -0.06887278   0.00422639
    2    2
  0.25020189   0.00000000    -0.00558677  -0.00107943    -0.00558677   0.00107943
 -0.00558677   0.00107943     0.28015586   0.00000000     0.00385191  -0.01616212
 -0.00558677  -0.00107943     0.00385191   0.01616212     0.28015586   0.00000000

     Dynamical  Matrix in cartesian axes

     q = (   -0.500000000   0.166666667  -0.833333333 ) 

    1    1
  0.25020189   0.00000000    -0.00558677  -0.00107943     0.00558677  -0.00107943
 -0.00558677   0.00107943     0.28015586   0.00000000    -0.00385191   0.01616212
  0.00558677   0.00107943    -0.00385191  -0.01616212     0.28015586  -0.00000000
    1    2
 -0.03069124  -0.05315879    -0.11340532  -0.04180088    -0.02050204   0.11911233
 -0.11340532  -0.04180088    -0.03077623  -0.06175877    -0.02353222  -0.04075900
 -0.02050204   0.11911233    -0.02353222  -0.04075900    -0.03809655  -0.05753239
    2    1
 -0.03069124   0.05315879    -0.11340532   0.04180088    -0.02050204  -0.11911233
 -0.11340532   0.04180088    -0.03077623   0.06175877    -0.02353222   0.04075900
 -0.02050204  -0.11911233    -0.02353222   0.04075900    -0.03809655   0.05753239
    2    2
  0.25020189   0.00000000    -0.00558677   0.00107943     0.00558677   0.00107943
 -0.00558677  -0.00107943     0.28015586  -0.00000000    -0.00385191  -0.01616212
  0.00558677  -0.00107943    -0.00385191   0.01616212     0.28015586   0.00000000

     Dynamical  Matrix in cartesian axes

     q = (   -0.833333333   0.166666667  -0.500000000 ) 

    1    1
  0.28015586   0.00000000    -0.00385191  -0.01616212     0.00558677   0.00107943
 -0.00385191   0.01616212     0.28015586   0.00000000    -0.00558677   0.00107943
  0.00558677  -0.00107943    -0.00558677  -0.00107943     0.25020189   0.00000000
    1    2
 -0.03809655  -0.05753239    -0.02353222  -0.04075900    -0.02050204   0.11911233
 -0.02353222  -0.04075900    -0.03077623  -0.06175877    -0.11340532  -0.04180088
 -0.02050204   0.11911233    -0.11340532  -0.04180088    -0.03069124  -0.05315879
    2    1
 -0.03809655   0.05753239    -0.02353222   0.04075900    -0.02050204  -0.11911233
 -0.02353222   0.04075900    -0.03077623   0.06175877    -0.11340532   0.04180088
 -0.02050204  -0.11911233    -0.11340532   0.04180088    -0.03069124   0.05315879
    2    2
  0.28015586   0.00000000    -0.00385191   0.01616212     0.00558677  -0.00107943
 -0.00385191  -0.01616212     0.28015586   0.00000000    -0.00558677  -0.00107943
  0.00558677   0.00107943    -0.00558677   0.00107943     0.25020189   0.00000000

     Dynamical  Matrix in cartesian axes

     q = (    0.833333333  -0.500000000   0.166666667 ) 

    1    1
  0.28015586   0.00000000    -0.00558677   0.00107943     0.00385191  -0.01616212
 -0.00558677  -0.00107943     0.25020189   0.00000000    -0.00558677   0.00107943
  0.00385191   0.01616212    -0.00558677  -0.00107943     0.28015586   0.00000000
    1    2
 -0.06887278  -0.00422639    -0.09290328   0.07731145     0.04706444  -0.00000000
 -0.09290328   0.07731145    -0.06138248   0.00000000    -0.09290328  -0.07731145
  0.04706444  -0.00000000    -0.09290328  -0.07731145    -0.06887278   0.00422639
    2    1
 -0.06887278   0.00422639    -0.09290328  -0.07731145     0.04706444   0.00000000
 -0.09290328  -0.07731145    -0.06138248  -0.00000000    -0.09290328   0.07731145
  0.04706444   0.00000000    -0.09290328   0.07731145    -0.06887278  -0.00422639
    2    2
  0.28015586   0.00000000    -0.00558677  -0.00107943     0.00385191   0.01616212
 -0.00558677   0.00107943     0.25020189   0.00000000    -0.00558677  -0.00107943
  0.00385191  -0.01616212    -0.00558677   0.00107943     0.28015586   0.00000000

     Dynamical  Matrix in cartesian axes

     q = (    0.833333333   0.500000000  -0.166666667 ) 

    1    1
  0.28015586   0.00000000     0.00558677  -0.00107943    -0.00385191   0.01616212
  0.00558677   0.00107943     0.25020189   0.00000000    -0.00558677   0.00107943
 -0.00385191  -0.01616212    -0.00558677  -0.00107943     0.28015586   0.00000000
    1    2
 -0.03809655   0.05753239    -0.02050204  -0.11911233    -0.02353222   0.04075900
 -0.02050204  -0.11911233    -0.03069124   0.05315879    -0.11340532   0.04180088
 -0.02353222   0.04075900    -0.11340532   0.04180088    -0.03077623   0.06175877
    2    1
 -0.03809655  -0.05753239    -0.02050204   0.11911233    -0.02353222  -0.04075900
 -0.02050204   0.11911233    -0.03069124  -0.05315879    -0.11340532  -0.04180088
 -0.02353222  -0.04075900    -0.11340532  -0.04180088    -0.03077623  -0.06175877
    2    2
  0.28015586  -0.00000000     0.00558677   0.00107943    -0.00385191  -0.01616212
  0.00558677  -0.00107943     0.25020189  -0.00000000    -0.00558677  -0.00107943
 -0.00385191   0.01616212    -0.00558677   0.00107943     0.28015586   0.00000000

     Dynamical  Matrix in cartesian axes

     q = (   -0.833333333  -0.500000000  -0.166666667 ) 

    1    1
  0.28015586   0.00000000     0.00558677  -0.00107943     0.00385191  -0.01616212
  0.00558677   0.00107943     0.25020189  -0.00000000     0.00558677  -0.00107943
  0.00385191   0.01616212     0.00558677   0.00107943     0.28015586   0.00000000
    1    2
  0.06887278   0.00422639    -0.09290328   0.07731145    -0.04706444  -0.00000000
 -0.09290328   0.07731145     0.06138248   0.00000000    -0.09290328  -0.07731145
 -0.04706444  -0.00000000    -0.09290328  -0.07731145     0.06887278  -0.00422639
    2    1
  0.06887278  -0.00422639    -0.09290328  -0.07731145    -0.04706444   0.00000000
 -0.09290328  -0.07731145     0.06138248  -0.00000000    -0.09290328   0.07731145
 -0.04706444   0.00000000    -0.09290328   0.07731145     0.06887278   0.00422639
    2    2
  0.28015586  -0.00000000     0.00558677   0.00107943     0.00385191   0.01616212
  0.00558677  -0.00107943     0.25020189   0.00000000     0.00558677   0.00107943
  0.00385191  -0.01616212     0.00558677  -0.00107943     0.28015586  -0.00000000

     Dynamical  Matrix in cartesian axes

     q = (   -0.833333333   0.500000000   0.166666667 ) 

    1    1
  0.28015586   0.00000000    -0.00558677   0.00107943    -0.00385191   0.01616212
 -0.00558677  -0.00107943     0.25020189   0.00000000     0.00558677  -0.00107943
 -0.00385191  -0.01616212     0.00558677   0.00107943     0.28015586   0.00000000
    1    2
 -0.03077623  -0.06175877    -0.11340532  -0.04180088    -0.02353222  -0.04075900
 -0.11340532  -0.04180088    -0.03069124  -0.05315879    -0.02050204   0.11911233
 -0.02353222  -0.04075900    -0.02050204   0.11911233    -0.03809655  -0.05753239
    2    1
 -0.03077623   0.06175877    -0.11340532   0.04180088    -0.02353222   0.04075900
 -0.11340532   0.04180088    -0.03069124   0.05315879    -0.02050204  -0.11911233
 -0.02353222   0.04075900    -0.02050204  -0.11911233    -0.03809655   0.05753239
    2    2
  0.28015586   0.00000000    -0.00558677  -0.00107943    -0.00385191  -0.01616212
 -0.00558677   0.00107943     0.25020189   0.00000000     0.00558677   0.00107943
 -0.00385191   0.01616212     0.00558677  -0.00107943     0.28015586   0.00000000

     Dynamical  Matrix in cartesian axes

     q = (    0.166666667  -0.500000000   0.833333333 ) 

    1    1
  0.28015586   0.00000000    -0.00558677  -0.00107943     0.00385191   0.01616212
 -0.00558677   0.00107943     0.25020189   0.00000000    -0.00558677  -0.00107943
  0.00385191  -0.01616212    -0.00558677   0.00107943     0.28015586   0.00000000
    1    2
 -0.06887278   0.00422639    -0.09290328  -0.07731145     0.04706444  -0.00000000
 -0.09290328  -0.07731145    -0.06138248   0.00000000    -0.09290328   0.07731145
  0.04706444  -0.00000000    -0.09290328   0.07731145    -0.06887278  -0.00422639
    2    1
 -0.06887278  -0.00422639    -0.09290328   0.07731145     0.04706444   0.00000000
 -0.09290328   0.07731145    -0.06138248  -0.00000000    -0.09290328  -0.07731145
  0.04706444   0.00000000    -0.09290328  -0.07731145    -0.06887278   0.00422639
    2    2
  0.28015586   0.00000000    -0.00558677   0.00107943     0.00385191  -0.01616212
 -0.00558677  -0.00107943     0.25020189   0.00000000    -0.00558677   0.00107943
  0.00385191   0.01616212    -0.00558677  -0.00107943     0.28015586   0.00000000

     Dynamical  Matrix in cartesian axes

     q = (   -0.166666667   0.500000000   0.833333333 ) 

    1    1
  0.28015586   0.00000000    -0.00558677  -0.00107943    -0.00385191  -0.01616212
 -0.00558677   0.00107943     0.25020189   0.00000000     0.00558677   0.00107943
 -0.00385191   0.01616212     0.00558677  -0.00107943     0.28015586   0.00000000
    1    2
 -0.03077623   0.06175877    -0.11340532   0.04180088    -0.02353222   0.04075900
 -0.11340532   0.04180088    -0.03069124   0.05315879    -0.02050204  -0.11911233
 -0.02353222   0.04075900    -0.02050204  -0.11911233    -0.03809655   0.05753239
    2    1
 -0.03077623  -0.06175877    -0.11340532  -0.04180088    -0.02353222  -0.04075900
 -0.11340532  -0.04180088    -0.03069124  -0.05315879    -0.02050204   0.11911233
 -0.02353222  -0.04075900    -0.02050204   0.11911233    -0.03809655  -0.05753239
    2    2
  0.28015586   0.00000000    -0.00558677   0.00107943    -0.00385191   0.01616212
 -0.00558677  -0.00107943     0.25020189   0.00000000     0.00558677  -0.00107943
 -0.00385191  -0.01616212     0.00558677   0.00107943     0.28015586   0.00000000

     Dynamical  Matrix in cartesian axes

     q = (    0.166666667   0.500000000  -0.833333333 ) 

    1    1
  0.28015586  -0.00000000     0.00558677   0.00107943    -0.00385191  -0.01616212
  0.00558677  -0.00107943     0.25020189  -0.00000000    -0.00558677  -0.00107943
 -0.00385191   0.01616212    -0.00558677   0.00107943     0.28015586   0.00000000
    1    2
 -0.03809655  -0.05753239    -0.02050204   0.11911233    -0.02353222  -0.04075900
 -0.02050204   0.11911233    -0.03069124  -0.05315879    -0.11340532  -0.04180088
 -0.02353222  -0.04075900    -0.11340532  -0.04180088    -0.03077623  -0.06175877
    2    1
 -0.03809655   0.05753239    -0.02050204  -0.11911233    -0.02353222   0.04075900
 -0.02050204  -0.11911233    -0.03069124   0.05315879    -0.11340532   0.04180088
 -0.02353222   0.04075900    -0.11340532   0.04180088    -0.03077623   0.06175877
    2    2
  0.28015586   0.00000000     0.00558677  -0.00107943    -0.00385191   0.01616212
  0.00558677   0.00107943     0.25020189   0.00000000    -0.00558677   0.00107943
 -0.00385191  -0.01616212    -0.00558677  -0.00107943     0.28015586   0.00000000

     Dynamical  Matrix in cartesian axes

     q = (   -0.166666667  -0.500000000  -0.833333333 ) 

    1    1
  0.28015586  -0.00000000     0.00558677   0.00107943     0.00385191   0.01616212
  0.00558677  -0.00107943     0.25020189   0.00000000     0.00558677   0.00107943
  0.00385191  -0.01616212     0.00558677  -0.00107943     0.28015586  -0.00000000
    1    2
  0.06887278  -0.00422639    -0.09290328  -0.07731145    -0.04706444  -0.00000000
 -0.09290328  -0.07731145     0.06138248   0.00000000    -0.09290328   0.07731145
 -0.04706444  -0.00000000    -0.09290328   0.07731145     0.06887278   0.00422639
    2    1
  0.06887278   0.00422639    -0.09290328   0.07731145    -0.04706444   0.00000000
 -0.09290328   0.07731145     0.06138248   0.00000000    -0.09290328  -0.07731145
 -0.04706444   0.00000000    -0.09290328  -0.07731145     0.06887278  -0.00422639
    2    2
  0.28015586   0.00000000     0.00558677  -0.00107943     0.00385191  -0.01616212
  0.00558677   0.00107943     0.25020189  -0.00000000     0.00558677  -0.00107943
  0.00385191   0.01616212     0.00558677   0.00107943     0.28015586   0.00000000

     Dynamical  Matrix in cartesian axes

     q = (   -0.500000000   0.833333333   0.166666667 ) 

    1    1
  0.25020189   0.00000000    -0.00558677  -0.00107943    -0.00558677   0.00107943
 -0.00558677   0.00107943     0.28015586   0.00000000     0.00385191  -0.01616212
 -0.00558677  -0.00107943     0.00385191   0.01616212     0.28015586   0.00000000
    1    2
 -0.06138248  -0.00000000    -0.09290328   0.07731145    -0.09290328  -0.07731145
 -0.09290328   0.07731145    -0.06887278  -0.00422639     0.04706444   0.00000000
 -0.09290328  -0.07731145     0.04706444   0.00000000    -0.06887278   0.00422639
    2    1
 -0.06138248   0.00000000    -0.09290328  -0.07731145    -0.09290328   0.07731145
 -0.09290328  -0.07731145    -0.06887278   0.00422639     0.04706444  -0.00000000
 -0.09290328   0.07731145     0.04706444   0.00000000    -0.06887278  -0.00422639
    2    2
  0.25020189   0.00000000    -0.00558677   0.00107943    -0.00558677  -0.00107943
 -0.00558677  -0.00107943     0.28015586   0.00000000     0.00385191   0.01616212
 -0.00558677   0.00107943     0.00385191  -0.01616212     0.28015586   0.00000000

     Diagonalizing the dynamical matrix

     q = (    0.500000000  -0.166666667   0.833333333 ) 

 **************************************************************************
     freq (    1) =       5.158352 [THz] =     172.064088 [cm-1]
 ( -0.061456  0.567514 -0.147543  0.255551 -0.089416 -0.281212 ) 
 ( -0.522210  0.230535 -0.198828  0.218043  0.295085  0.000000 ) 
     freq (    2) =       6.215512 [THz] =     207.327176 [cm-1]
 (  0.253257  0.286027  0.210372 -0.364374  0.387166 -0.164704 ) 
 (  0.121078 -0.362340  0.336221  0.252944  0.420743  0.000000 ) 
     freq (    3) =       9.823107 [THz] =     327.663594 [cm-1]
 (  0.266700 -0.121635 -0.227507  0.394054  0.446704  0.086564 ) 
 ( -0.238689 -0.170152  0.148386  0.430139 -0.455014  0.000000 ) 
     freq (    4) =      11.380608 [THz] =     379.616237 [cm-1]
 (  0.211324 -0.083034 -0.236761  0.410083  0.452595  0.139218 ) 
 (  0.177572  0.141495 -0.105731 -0.461568  0.473523  0.000000 ) 
     freq (    5) =      13.917982 [THz] =     464.253913 [cm-1]
 ( -0.043455  0.515982 -0.170248  0.294878 -0.118531 -0.319198 ) 
 (  0.468581 -0.220358  0.217168 -0.262250 -0.340496  0.000000 ) 
     freq (    6) =      14.156252 [THz] =     472.201733 [cm-1]
 ( -0.188611 -0.294998 -0.217199  0.376199 -0.432619  0.039269 ) 
 (  0.161171 -0.310841  0.250317  0.355024  0.434397  0.000000 ) 
 **************************************************************************
