Dynamical matrix file
phonons of Si                                                              
  1    2   2  10.2000000   0.0000000   0.0000000   0.0000000   0.0000000   0.0000000
           1  'Si  '    25598.823011949724     
    1    1      0.0000000000      0.0000000000      0.0000000000
    2    1      0.2500000000      0.2500000000      0.2500000000

     Dynamical  Matrix in cartesian axes

     q = (    0.666666667  -0.333333333   0.666666667 ) 

    1    1
  0.26582792   0.00000000    -0.01171746   0.00796689     0.01122845   0.00000000
 -0.01171746  -0.00796689     0.29536980   0.00000000    -0.01171746  -0.00796689
  0.01122845   0.00000000    -0.01171746   0.00796689     0.26582792   0.00000000
    1    2
 -0.10021130   0.05932116    -0.06705100   0.04157970     0.02877542  -0.11877274
 -0.06705100   0.04157970    -0.10423216   0.07375990    -0.06705100   0.04157970
  0.02877542  -0.11877274    -0.06705100   0.04157970    -0.10021130   0.05932116
    2    1
 -0.10021130  -0.05932116    -0.06705100  -0.04157970     0.02877542   0.11877274
 -0.06705100  -0.04157970    -0.10423216  -0.07375990    -0.06705100  -0.04157970
  0.02877542   0.11877274    -0.06705100  -0.04157970    -0.10021130  -0.05932116
    2    2
  0.26582792   0.00000000    -0.01171746  -0.00796689     0.01122845   0.00000000
 -0.01171746   0.00796689     0.29536980   0.00000000    -0.01171746   0.00796689
  0.01122845   0.00000000    -0.01171746  -0.00796689     0.26582792   0.00000000

     Dynamical  Matrix in cartesian axes

     q = (   -0.666666667  -0.333333333  -0.666666667 ) 

    1    1
  0.26582792   0.00000000     0.01171746  -0.00796689     0.01122845   0.00000000
  0.01171746   0.00796689     0.29536980   0.00000000     0.01171746   0.00796689
  0.01122845   0.00000000     0.01171746  -0.00796689     0.26582792   0.00000000
    1    2
  0.10147928   0.05712495    -0.06953457  -0.03727802    -0.11724792   0.03446612
 -0.06953457  -0.03727802     0.11599402   0.05338774    -0.06953457  -0.03727802
 -0.11724792   0.03446612    -0.06953457  -0.03727802     0.10147928   0.05712495
    2    1
  0.10147928  -0.05712495    -0.06953457   0.03727802    -0.11724792  -0.03446612
 -0.06953457   0.03727802     0.11599402  -0.05338774    -0.06953457   0.03727802
 -0.11724792  -0.03446612    -0.06953457   0.03727802     0.10147928  -0.05712495
    2    2
  0.26582792   0.00000000     0.01171746   0.00796689     0.01122845   0.00000000
  0.01171746  -0.00796689     0.29536980   0.00000000     0.01171746  -0.00796689
  0.01122845   0.00000000     0.01171746   0.00796689     0.26582792   0.00000000

     Dynamical  Matrix in cartesian axes

     q = (    0.666666667  -0.333333333  -0.666666667 ) 

    1    1
  0.26582792   0.00000000    -0.01171746  -0.00796689    -0.01122845   0.00000000
 -0.01171746   0.00796689     0.29536980   0.00000000     0.01171746  -0.00796689
 -0.01122845   0.00000000     0.01171746   0.00796689     0.26582792   0.00000000
    1    2
 -0.10147928   0.05712495    -0.06953457   0.03727802    -0.11724792  -0.03446612
 -0.06953457   0.03727802    -0.11599402   0.05338774     0.06953457  -0.03727802
 -0.11724792  -0.03446612     0.06953457  -0.03727802    -0.10147928   0.05712495
    2    1
 -0.10147928  -0.05712495    -0.06953457  -0.03727802    -0.11724792   0.03446612
 -0.06953457  -0.03727802    -0.11599402  -0.05338774     0.06953457   0.03727802
 -0.11724792   0.03446612     0.06953457   0.03727802    -0.10147928  -0.05712495
    2    2
  0.26582792   0.00000000    -0.01171746   0.00796689    -0.01122845   0.00000000
 -0.01171746  -0.00796689     0.29536980   0.00000000     0.01171746   0.00796689
 -0.01122845   0.00000000     0.01171746  -0.00796689     0.26582792   0.00000000

     Dynamical  Matrix in cartesian axes

     q = (   -0.666666667  -0.333333333   0.666666667 ) 

    1    1
  0.26582792   0.00000000     0.01171746   0.00796689    -0.01122845   0.00000000
  0.01171746  -0.00796689     0.29536980   0.00000000    -0.01171746   0.00796689
 -0.01122845   0.00000000    -0.01171746  -0.00796689     0.26582792   0.00000000
    1    2
 -0.10147928   0.05712495     0.06953457  -0.03727802    -0.11724792  -0.03446612
  0.06953457  -0.03727802    -0.11599402   0.05338774    -0.06953457   0.03727802
 -0.11724792  -0.03446612    -0.06953457   0.03727802    -0.10147928   0.05712495
    2    1
 -0.10147928  -0.05712495     0.06953457   0.03727802    -0.11724792   0.03446612
  0.06953457   0.03727802    -0.11599402  -0.05338774    -0.06953457  -0.03727802
 -0.11724792   0.03446612    -0.06953457  -0.03727802    -0.10147928  -0.05712495
    2    2
  0.26582792   0.00000000     0.01171746  -0.00796689    -0.01122845   0.00000000
  0.01171746   0.00796689     0.29536980   0.00000000    -0.01171746  -0.00796689
 -0.01122845   0.00000000    -0.01171746   0.00796689     0.26582792   0.00000000

     Dynamical  Matrix in cartesian axes

     q = (   -0.333333333   0.666666667  -0.666666667 ) 

    1    1
  0.29536980   0.00000000    -0.01171746   0.00796689     0.01171746  -0.00796689
 -0.01171746  -0.00796689     0.26582792   0.00000000    -0.01122845   0.00000000
  0.01171746   0.00796689    -0.01122845   0.00000000     0.26582792   0.00000000
    1    2
 -0.11599402   0.05338774    -0.06953457   0.03727802     0.06953457  -0.03727802
 -0.06953457   0.03727802    -0.10147928   0.05712495    -0.11724792  -0.03446612
  0.06953457  -0.03727802    -0.11724792  -0.03446612    -0.10147928   0.05712495
    2    1
 -0.11599402  -0.05338774    -0.06953457  -0.03727802     0.06953457   0.03727802
 -0.06953457  -0.03727802    -0.10147928  -0.05712495    -0.11724792   0.03446612
  0.06953457   0.03727802    -0.11724792   0.03446612    -0.10147928  -0.05712495
    2    2
  0.29536980   0.00000000    -0.01171746  -0.00796689     0.01171746   0.00796689
 -0.01171746   0.00796689     0.26582792   0.00000000    -0.01122845   0.00000000
  0.01171746  -0.00796689    -0.01122845   0.00000000     0.26582792   0.00000000

     Dynamical  Matrix in cartesian axes

     q = (   -0.666666667   0.666666667  -0.333333333 ) 

    1    1
  0.26582792   0.00000000    -0.01122845   0.00000000     0.01171746   0.00796689
 -0.01122845   0.00000000     0.26582792   0.00000000    -0.01171746  -0.00796689
  0.01171746  -0.00796689    -0.01171746   0.00796689     0.29536980   0.00000000
    1    2
 -0.10147928   0.05712495    -0.11724792  -0.03446612     0.06953457  -0.03727802
 -0.11724792  -0.03446612    -0.10147928   0.05712495    -0.06953457   0.03727802
  0.06953457  -0.03727802    -0.06953457   0.03727802    -0.11599402   0.05338774
    2    1
 -0.10147928  -0.05712495    -0.11724792   0.03446612     0.06953457   0.03727802
 -0.11724792   0.03446612    -0.10147928  -0.05712495    -0.06953457  -0.03727802
  0.06953457   0.03727802    -0.06953457  -0.03727802    -0.11599402  -0.05338774
    2    2
  0.26582792   0.00000000    -0.01122845   0.00000000     0.01171746  -0.00796689
 -0.01122845   0.00000000     0.26582792   0.00000000    -0.01171746   0.00796689
  0.01171746   0.00796689    -0.01171746  -0.00796689     0.29536980   0.00000000

     Dynamical  Matrix in cartesian axes

     q = (    0.666666667   0.333333333   0.666666667 ) 

    1    1
  0.26582792   0.00000000     0.01171746   0.00796689     0.01122845   0.00000000
  0.01171746  -0.00796689     0.29536980   0.00000000     0.01171746  -0.00796689
  0.01122845   0.00000000     0.01171746   0.00796689     0.26582792   0.00000000
    1    2
  0.10147928  -0.05712495    -0.06953457   0.03727802    -0.11724792  -0.03446612
 -0.06953457   0.03727802     0.11599402  -0.05338774    -0.06953457   0.03727802
 -0.11724792  -0.03446612    -0.06953457   0.03727802     0.10147928  -0.05712495
    2    1
  0.10147928   0.05712495    -0.06953457  -0.03727802    -0.11724792   0.03446612
 -0.06953457  -0.03727802     0.11599402   0.05338774    -0.06953457  -0.03727802
 -0.11724792   0.03446612    -0.06953457  -0.03727802     0.10147928   0.05712495
    2    2
  0.26582792   0.00000000     0.01171746  -0.00796689     0.01122845   0.00000000
  0.01171746   0.00796689     0.29536980   0.00000000     0.01171746   0.00796689
  0.01122845   0.00000000     0.01171746  -0.00796689     0.26582792   0.00000000

     Dynamical  Matrix in cartesian axes

     q = (   -0.666666667   0.333333333   0.666666667 ) 

    1    1
  0.26582792   0.00000000    -0.01171746   0.00796689    -0.01122845   0.00000000
 -0.01171746  -0.00796689     0.29536980   0.00000000     0.01171746   0.00796689
 -0.01122845   0.00000000     0.01171746  -0.00796689     0.26582792   0.00000000
    1    2
 -0.10147928  -0.05712495    -0.06953457  -0.03727802    -0.11724792   0.03446612
 -0.06953457  -0.03727802    -0.11599402  -0.05338774     0.06953457   0.03727802
 -0.11724792   0.03446612     0.06953457   0.03727802    -0.10147928  -0.05712495
    2    1
 -0.10147928   0.05712495    -0.06953457   0.03727802    -0.11724792  -0.03446612
 -0.06953457   0.03727802    -0.11599402   0.05338774     0.06953457  -0.03727802
 -0.11724792  -0.03446612     0.06953457  -0.03727802    -0.10147928   0.05712495
    2    2
  0.26582792   0.00000000    -0.01171746  -0.00796689    -0.01122845   0.00000000
 -0.01171746   0.00796689     0.29536980   0.00000000     0.01171746  -0.00796689
 -0.01122845   0.00000000     0.01171746   0.00796689     0.26582792   0.00000000

     Dynamical  Matrix in cartesian axes

     q = (    0.666666667   0.333333333  -0.666666667 ) 

    1    1
  0.26582792   0.00000000     0.01171746  -0.00796689    -0.01122845   0.00000000
  0.01171746   0.00796689     0.29536980   0.00000000    -0.01171746  -0.00796689
 -0.01122845   0.00000000    -0.01171746   0.00796689     0.26582792   0.00000000
    1    2
 -0.10147928  -0.05712495     0.06953457   0.03727802    -0.11724792   0.03446612
  0.06953457   0.03727802    -0.11599402  -0.05338774    -0.06953457  -0.03727802
 -0.11724792   0.03446612    -0.06953457  -0.03727802    -0.10147928  -0.05712495
    2    1
 -0.10147928   0.05712495     0.06953457  -0.03727802    -0.11724792  -0.03446612
  0.06953457  -0.03727802    -0.11599402   0.05338774    -0.06953457   0.03727802
 -0.11724792  -0.03446612    -0.06953457   0.03727802    -0.10147928   0.05712495
    2    2
  0.26582792   0.00000000     0.01171746   0.00796689    -0.01122845   0.00000000
  0.01171746  -0.00796689     0.29536980   0.00000000    -0.01171746   0.00796689
 -0.01122845   0.00000000    -0.01171746  -0.00796689     0.26582792   0.00000000

     Dynamical  Matrix in cartesian axes

     q = (   -0.333333333   0.666666667   0.666666667 ) 

    1    1
  0.29536980   0.00000000    -0.01171746  -0.00796689    -0.01171746  -0.00796689
 -0.01171746   0.00796689     0.26582792   0.00000000     0.01122845   0.00000000
 -0.01171746   0.00796689     0.01122845   0.00000000     0.26582792   0.00000000
    1    2
 -0.10423216   0.07375990    -0.06705100   0.04157970    -0.06705100   0.04157970
 -0.06705100   0.04157970    -0.10021130   0.05932116     0.02877542  -0.11877274
 -0.06705100   0.04157970     0.02877542  -0.11877274    -0.10021130   0.05932116
    2    1
 -0.10423216  -0.07375990    -0.06705100  -0.04157970    -0.06705100  -0.04157970
 -0.06705100  -0.04157970    -0.10021130  -0.05932116     0.02877542   0.11877274
 -0.06705100  -0.04157970     0.02877542   0.11877274    -0.10021130  -0.05932116
    2    2
  0.29536980   0.00000000    -0.01171746   0.00796689    -0.01171746   0.00796689
 -0.01171746  -0.00796689     0.26582792   0.00000000     0.01122845   0.00000000
 -0.01171746  -0.00796689     0.01122845   0.00000000     0.26582792   0.00000000

     Dynamical  Matrix in cartesian axes

     q = (    0.333333333   0.666666667  -0.666666667 ) 

    1    1
  0.29536980   0.00000000     0.01171746   0.00796689    -0.01171746  -0.00796689
  0.01171746  -0.00796689     0.26582792   0.00000000    -0.01122845   0.00000000
 -0.01171746   0.00796689    -0.01122845   0.00000000     0.26582792   0.00000000
    1    2
 -0.11599402  -0.05338774     0.06953457   0.03727802    -0.06953457  -0.03727802
  0.06953457   0.03727802    -0.10147928  -0.05712495    -0.11724792   0.03446612
 -0.06953457  -0.03727802    -0.11724792   0.03446612    -0.10147928  -0.05712495
    2    1
 -0.11599402   0.05338774     0.06953457  -0.03727802    -0.06953457   0.03727802
  0.06953457  -0.03727802    -0.10147928   0.05712495    -0.11724792  -0.03446612
 -0.06953457   0.03727802    -0.11724792  -0.03446612    -0.10147928   0.05712495
    2    2
  0.29536980   0.00000000     0.01171746  -0.00796689    -0.01171746   0.00796689
  0.01171746   0.00796689     0.26582792   0.00000000    -0.01122845   0.00000000
 -0.01171746  -0.00796689    -0.01122845   0.00000000     0.26582792   0.00000000

     Dynamical  Matrix in cartesian axes

     q = (   -0.333333333  -0.666666667  -0.666666667 ) 

    1    1
  0.29536980   0.00000000     0.01171746   0.00796689     0.01171746   0.00796689
  0.01171746  -0.00796689     0.26582792   0.00000000     0.01122845   0.00000000
  0.01171746  -0.00796689     0.01122845   0.00000000     0.26582792   0.00000000
    1    2
  0.11599402   0.05338774    -0.06953457  -0.03727802    -0.06953457  -0.03727802
 -0.06953457  -0.03727802     0.10147928   0.05712495    -0.11724792   0.03446612
 -0.06953457  -0.03727802    -0.11724792   0.03446612     0.10147928   0.05712495
    2    1
  0.11599402  -0.05338774    -0.06953457   0.03727802    -0.06953457   0.03727802
 -0.06953457   0.03727802     0.10147928  -0.05712495    -0.11724792  -0.03446612
 -0.06953457   0.03727802    -0.11724792  -0.03446612     0.10147928  -0.05712495
    2    2
  0.29536980   0.00000000     0.01171746  -0.00796689     0.01171746  -0.00796689
  0.01171746   0.00796689     0.26582792   0.00000000     0.01122845   0.00000000
  0.01171746   0.00796689     0.01122845   0.00000000     0.26582792   0.00000000

     Dynamical  Matrix in cartesian axes

     q = (    0.666666667  -0.666666667   0.333333333 ) 

    1    1
  0.26582792   0.00000000    -0.01122845   0.00000000     0.01171746  -0.00796689
 -0.01122845   0.00000000     0.26582792   0.00000000    -0.01171746   0.00796689
  0.01171746   0.00796689    -0.01171746  -0.00796689     0.29536980   0.00000000
    1    2
 -0.10147928  -0.05712495    -0.11724792   0.03446612     0.06953457   0.03727802
 -0.11724792   0.03446612    -0.10147928  -0.05712495    -0.06953457  -0.03727802
  0.06953457   0.03727802    -0.06953457  -0.03727802    -0.11599402  -0.05338774
    2    1
 -0.10147928   0.05712495    -0.11724792  -0.03446612     0.06953457  -0.03727802
 -0.11724792  -0.03446612    -0.10147928   0.05712495    -0.06953457   0.03727802
  0.06953457  -0.03727802    -0.06953457   0.03727802    -0.11599402   0.05338774
    2    2
  0.26582792   0.00000000    -0.01122845   0.00000000     0.01171746   0.00796689
 -0.01122845   0.00000000     0.26582792   0.00000000    -0.01171746  -0.00796689
  0.01171746  -0.00796689    -0.01171746   0.00796689     0.29536980   0.00000000

     Dynamical  Matrix in cartesian axes

     q = (    0.666666667   0.666666667  -0.333333333 ) 

    1    1
  0.26582792   0.00000000     0.01122845   0.00000000    -0.01171746   0.00796689
  0.01122845   0.00000000     0.26582792   0.00000000    -0.01171746   0.00796689
 -0.01171746  -0.00796689    -0.01171746  -0.00796689     0.29536980   0.00000000
    1    2
 -0.10021130   0.05932116     0.02877542  -0.11877274    -0.06705100   0.04157970
  0.02877542  -0.11877274    -0.10021130   0.05932116    -0.06705100   0.04157970
 -0.06705100   0.04157970    -0.06705100   0.04157970    -0.10423216   0.07375990
    2    1
 -0.10021130  -0.05932116     0.02877542   0.11877274    -0.06705100  -0.04157970
  0.02877542   0.11877274    -0.10021130  -0.05932116    -0.06705100  -0.04157970
 -0.06705100  -0.04157970    -0.06705100  -0.04157970    -0.10423216  -0.07375990
    2    2
  0.26582792   0.00000000     0.01122845   0.00000000    -0.01171746  -0.00796689
  0.01122845   0.00000000     0.26582792   0.00000000    -0.01171746  -0.00796689
 -0.01171746   0.00796689    -0.01171746   0.00796689     0.29536980   0.00000000

     Dynamical  Matrix in cartesian axes

     q = (   -0.666666667  -0.666666667  -0.333333333 ) 

    1    1
  0.26582792   0.00000000     0.01122845   0.00000000     0.01171746  -0.00796689
  0.01122845   0.00000000     0.26582792   0.00000000     0.01171746  -0.00796689
  0.01171746   0.00796689     0.01171746   0.00796689     0.29536980   0.00000000
    1    2
  0.10147928   0.05712495    -0.11724792   0.03446612    -0.06953457  -0.03727802
 -0.11724792   0.03446612     0.10147928   0.05712495    -0.06953457  -0.03727802
 -0.06953457  -0.03727802    -0.06953457  -0.03727802     0.11599402   0.05338774
    2    1
  0.10147928  -0.05712495    -0.11724792  -0.03446612    -0.06953457   0.03727802
 -0.11724792  -0.03446612     0.10147928  -0.05712495    -0.06953457   0.03727802
 -0.06953457   0.03727802    -0.06953457   0.03727802     0.11599402  -0.05338774
    2    2
  0.26582792   0.00000000     0.01122845   0.00000000     0.01171746   0.00796689
  0.01122845   0.00000000     0.26582792   0.00000000     0.01171746   0.00796689
  0.01171746  -0.00796689     0.01171746  -0.00796689     0.29536980   0.00000000

     Dynamical  Matrix in cartesian axes

     q = (   -0.666666667   0.666666667   0.333333333 ) 

    1    1
  0.26582792   0.00000000    -0.01122845   0.00000000    -0.01171746   0.00796689
 -0.01122845   0.00000000     0.26582792   0.00000000     0.01171746  -0.00796689
 -0.01171746  -0.00796689     0.01171746   0.00796689     0.29536980   0.00000000
    1    2
 -0.10147928  -0.05712495    -0.11724792   0.03446612    -0.06953457  -0.03727802
 -0.11724792   0.03446612    -0.10147928  -0.05712495     0.06953457   0.03727802
 -0.06953457  -0.03727802     0.06953457   0.03727802    -0.11599402  -0.05338774
    2    1
 -0.10147928   0.05712495    -0.11724792  -0.03446612    -0.06953457   0.03727802
 -0.11724792  -0.03446612    -0.10147928   0.05712495     0.06953457  -0.03727802
 -0.06953457   0.03727802     0.06953457  -0.03727802    -0.11599402   0.05338774
    2    2
  0.26582792   0.00000000    -0.01122845   0.00000000    -0.01171746  -0.00796689
 -0.01122845   0.00000000     0.26582792   0.00000000     0.01171746   0.00796689
 -0.01171746   0.00796689     0.01171746  -0.00796689     0.29536980   0.00000000

     Dynamical  Matrix in cartesian axes

     q = (    0.333333333  -0.666666667   0.666666667 ) 

    1    1
  0.29536980   0.00000000    -0.01171746  -0.00796689     0.01171746   0.00796689
 -0.01171746   0.00796689     0.26582792   0.00000000    -0.01122845   0.00000000
  0.01171746  -0.00796689    -0.01122845   0.00000000     0.26582792   0.00000000
    1    2
 -0.11599402  -0.05338774    -0.06953457  -0.03727802     0.06953457   0.03727802
 -0.06953457  -0.03727802    -0.10147928  -0.05712495    -0.11724792   0.03446612
  0.06953457   0.03727802    -0.11724792   0.03446612    -0.10147928  -0.05712495
    2    1
 -0.11599402   0.05338774    -0.06953457   0.03727802     0.06953457  -0.03727802
 -0.06953457   0.03727802    -0.10147928   0.05712495    -0.11724792  -0.03446612
  0.06953457  -0.03727802    -0.11724792  -0.03446612    -0.10147928   0.05712495
    2    2
  0.29536980   0.00000000    -0.01171746   0.00796689     0.01171746  -0.00796689
 -0.01171746  -0.00796689     0.26582792   0.00000000    -0.01122845   0.00000000
  0.01171746   0.00796689    -0.01122845   0.00000000     0.26582792   0.00000000

     Dynamical  Matrix in cartesian axes

     q = (    0.333333333   0.666666667   0.666666667 ) 

    1    1
  0.29536980   0.00000000     0.01171746  -0.00796689     0.01171746  -0.00796689
  0.01171746   0.00796689     0.26582792   0.00000000     0.01122845   0.00000000
  0.01171746   0.00796689     0.01122845   0.00000000     0.26582792   0.00000000
    1    2
  0.11599402  -0.05338774    -0.06953457   0.03727802    -0.06953457   0.03727802
 -0.06953457   0.03727802     0.10147928  -0.05712495    -0.11724792  -0.03446612
 -0.06953457   0.03727802    -0.11724792  -0.03446612     0.10147928  -0.05712495
    2    1
  0.11599402   0.05338774    -0.06953457  -0.03727802    -0.06953457  -0.03727802
 -0.06953457  -0.03727802     0.10147928   0.05712495    -0.11724792   0.03446612
 -0.06953457  -0.03727802    -0.11724792   0.03446612     0.10147928   0.05712495
    2    2
  0.29536980   0.00000000     0.01171746   0.00796689     0.01171746   0.00796689
  0.01171746  -0.00796689     0.26582792   0.00000000     0.01122845   0.00000000
  0.01171746  -0.00796689     0.01122845   0.00000000     0.26582792   0.00000000

     Dynamical  Matrix in cartesian axes

     q = (   -0.666666667   0.333333333  -0.666666667 ) 

    1    1
  0.26582792   0.00000000    -0.01171746  -0.00796689     0.01122845   0.00000000
 -0.01171746   0.00796689     0.29536980   0.00000000    -0.01171746   0.00796689
  0.01122845   0.00000000    -0.01171746  -0.00796689     0.26582792   0.00000000
    1    2
 -0.10021130  -0.05932116    -0.06705100  -0.04157970     0.02877542   0.11877274
 -0.06705100  -0.04157970    -0.10423216  -0.07375990    -0.06705100  -0.04157970
  0.02877542   0.11877274    -0.06705100  -0.04157970    -0.10021130  -0.05932116
    2    1
 -0.10021130   0.05932116    -0.06705100   0.04157970     0.02877542  -0.11877274
 -0.06705100   0.04157970    -0.10423216   0.07375990    -0.06705100   0.04157970
  0.02877542  -0.11877274    -0.06705100   0.04157970    -0.10021130   0.05932116
    2    2
  0.26582792   0.00000000    -0.01171746   0.00796689     0.01122845   0.00000000
 -0.01171746  -0.00796689     0.29536980   0.00000000    -0.01171746  -0.00796689
  0.01122845   0.00000000    -0.01171746   0.00796689     0.26582792   0.00000000

     Dynamical  Matrix in cartesian axes

     q = (   -0.333333333  -0.666666667   0.666666667 ) 

    1    1
  0.29536980   0.00000000     0.01171746  -0.00796689    -0.01171746   0.00796689
  0.01171746   0.00796689     0.26582792   0.00000000    -0.01122845   0.00000000
 -0.01171746  -0.00796689    -0.01122845   0.00000000     0.26582792   0.00000000
    1    2
 -0.11599402   0.05338774     0.06953457  -0.03727802    -0.06953457   0.03727802
  0.06953457  -0.03727802    -0.10147928   0.05712495    -0.11724792  -0.03446612
 -0.06953457   0.03727802    -0.11724792  -0.03446612    -0.10147928   0.05712495
    2    1
 -0.11599402  -0.05338774     0.06953457   0.03727802    -0.06953457  -0.03727802
  0.06953457   0.03727802    -0.10147928  -0.05712495    -0.11724792   0.03446612
 -0.06953457  -0.03727802    -0.11724792   0.03446612    -0.10147928  -0.05712495
    2    2
  0.29536980   0.00000000     0.01171746   0.00796689    -0.01171746  -0.00796689
  0.01171746  -0.00796689     0.26582792   0.00000000    -0.01122845   0.00000000
 -0.01171746   0.00796689    -0.01122845   0.00000000     0.26582792   0.00000000

     Dynamical  Matrix in cartesian axes

     q = (   -0.666666667  -0.666666667   0.333333333 ) 

    1    1
  0.26582792   0.00000000     0.01122845   0.00000000    -0.01171746  -0.00796689
  0.01122845   0.00000000     0.26582792   0.00000000    -0.01171746  -0.00796689
 -0.01171746   0.00796689    -0.01171746   0.00796689     0.29536980   0.00000000
    1    2
 -0.10021130  -0.05932116     0.02877542   0.11877274    -0.06705100  -0.04157970
  0.02877542   0.11877274    -0.10021130  -0.05932116    -0.06705100  -0.04157970
 -0.06705100  -0.04157970    -0.06705100  -0.04157970    -0.10423216  -0.07375990
    2    1
 -0.10021130   0.05932116     0.02877542  -0.11877274    -0.06705100   0.04157970
  0.02877542  -0.11877274    -0.10021130   0.05932116    -0.06705100   0.04157970
 -0.06705100   0.04157970    -0.06705100   0.04157970    -0.10423216   0.07375990
    2    2
  0.26582792   0.00000000     0.01122845   0.00000000    -0.01171746   0.00796689
  0.01122845   0.00000000     0.26582792   0.00000000    -0.01171746   0.00796689
 -0.01171746  -0.00796689    -0.01171746  -0.00796689     0.29536980   0.00000000

     Dynamical  Matrix in cartesian axes

     q = (    0.666666667   0.666666667   0.333333333 ) 

    1    1
  0.26582792   0.00000000     0.01122845   0.00000000     0.01171746   0.00796689
  0.01122845   0.00000000     0.26582792   0.00000000     0.01171746   0.00796689
  0.01171746  -0.00796689     0.01171746  -0.00796689     0.29536980   0.00000000
    1    2
  0.10147928  -0.05712495    -0.11724792  -0.03446612    -0.06953457   0.03727802
 -0.11724792  -0.03446612     0.10147928  -0.05712495    -0.06953457   0.03727802
 -0.06953457   0.03727802    -0.06953457   0.03727802     0.11599402  -0.05338774
    2    1
  0.10147928   0.05712495    -0.11724792   0.03446612    -0.06953457  -0.03727802
 -0.11724792   0.03446612     0.10147928   0.05712495    -0.06953457  -0.03727802
 -0.06953457  -0.03727802    -0.06953457  -0.03727802     0.11599402   0.05338774
    2    2
  0.26582792   0.00000000     0.01122845   0.00000000     0.01171746  -0.00796689
  0.01122845   0.00000000     0.26582792   0.00000000     0.01171746  -0.00796689
  0.01171746   0.00796689     0.01171746   0.00796689     0.29536980   0.00000000

     Dynamical  Matrix in cartesian axes

     q = (    0.333333333  -0.666666667  -0.666666667 ) 

    1    1
  0.29536980   0.00000000    -0.01171746   0.00796689    -0.01171746   0.00796689
 -0.01171746  -0.00796689     0.26582792   0.00000000     0.01122845   0.00000000
 -0.01171746  -0.00796689     0.01122845   0.00000000     0.26582792   0.00000000
    1    2
 -0.10423216  -0.07375990    -0.06705100  -0.04157970    -0.06705100  -0.04157970
 -0.06705100  -0.04157970    -0.10021130  -0.05932116     0.02877542   0.11877274
 -0.06705100  -0.04157970     0.02877542   0.11877274    -0.10021130  -0.05932116
    2    1
 -0.10423216   0.07375990    -0.06705100   0.04157970    -0.06705100   0.04157970
 -0.06705100   0.04157970    -0.10021130   0.05932116     0.02877542  -0.11877274
 -0.06705100   0.04157970     0.02877542  -0.11877274    -0.10021130   0.05932116
    2    2
  0.29536980   0.00000000    -0.01171746  -0.00796689    -0.01171746  -0.00796689
 -0.01171746   0.00796689     0.26582792   0.00000000     0.01122845   0.00000000
 -0.01171746   0.00796689     0.01122845   0.00000000     0.26582792   0.00000000

     Dynamical  Matrix in cartesian axes

     q = (    0.666666667  -0.666666667  -0.333333333 ) 

    1    1
  0.26582792   0.00000000    -0.01122845   0.00000000    -0.01171746  -0.00796689
 -0.01122845   0.00000000     0.26582792   0.00000000     0.01171746   0.00796689
 -0.01171746   0.00796689     0.01171746  -0.00796689     0.29536980   0.00000000
    1    2
 -0.10147928   0.05712495    -0.11724792  -0.03446612    -0.06953457   0.03727802
 -0.11724792  -0.03446612    -0.10147928   0.05712495     0.06953457  -0.03727802
 -0.06953457   0.03727802     0.06953457  -0.03727802    -0.11599402   0.05338774
    2    1
 -0.10147928  -0.05712495    -0.11724792   0.03446612    -0.06953457  -0.03727802
 -0.11724792   0.03446612    -0.10147928  -0.05712495     0.06953457   0.03727802
 -0.06953457  -0.03727802     0.06953457   0.03727802    -0.11599402  -0.05338774
    2    2
  0.26582792   0.00000000    -0.01122845   0.00000000    -0.01171746   0.00796689
 -0.01122845   0.00000000     0.26582792   0.00000000     0.01171746  -0.00796689
 -0.01171746  -0.00796689     0.01171746   0.00796689     0.29536980   0.00000000

     Diagonalizing the dynamical matrix

     q = (    0.666666667  -0.333333333   0.666666667 ) 

 **************************************************************************
     freq (    1) =       3.830369 [THz] =     127.767373 [cm-1]
 ( -0.293288  0.404947  0.000000 -0.000000  0.293288 -0.404947 ) 
 ( -0.500000 -0.000000  0.000000  0.000000  0.500000  0.000000 ) 
     freq (    2) =       5.209011 [THz] =     173.753904 [cm-1]
 (  0.327516  0.033756  0.508908 -0.155566  0.327516  0.033756 ) 
 (  0.329251  0.000000  0.490277  0.206921  0.329251  0.000000 ) 
     freq (    3) =       9.811258 [THz] =     327.268326 [cm-1]
 (  0.144761 -0.382422  0.097636  0.395048  0.144761 -0.382422 ) 
 ( -0.408903 -0.000000  0.334898  0.231169 -0.408903  0.000000 ) 
     freq (    4) =      12.293306 [THz] =     410.060565 [cm-1]
 (  0.102292 -0.343018  0.110543  0.481176  0.102292 -0.343018 ) 
 (  0.357946 -0.000000 -0.429519 -0.243440  0.357946  0.000000 ) 
     freq (    5) =      14.163868 [THz] =     472.455772 [cm-1]
 (  0.293288 -0.404947  0.000000 -0.000000 -0.293288  0.404947 ) 
 ( -0.500000  0.000000 -0.000000 -0.000000  0.500000  0.000000 ) 
     freq (    6) =      14.474741 [THz] =     482.825405 [cm-1]
 (  0.274783  0.144087  0.538897 -0.130603  0.274783  0.144087 ) 
 ( -0.310269  0.000000 -0.416611 -0.365926 -0.310269  0.000000 ) 
 **************************************************************************
