Dynamical matrix file
phonons of Si                                                              
  1    2   2  10.2000000   0.0000000   0.0000000   0.0000000   0.0000000   0.0000000
           1  'Si  '    25598.823011949724     
    1    1      0.0000000000      0.0000000000      0.0000000000
    2    1      0.2500000000      0.2500000000      0.2500000000

     Dynamical  Matrix in cartesian axes

     q = (   -0.166666667   0.166666667  -0.166666667 ) 

    1    1
  0.27885325   0.00000000    -0.00690518   0.00000000     0.00690518   0.00000000
 -0.00690518   0.00000000     0.27885325   0.00000000    -0.00690518   0.00000000
  0.00690518   0.00000000    -0.00690518   0.00000000     0.27885325   0.00000000
    1    2
 -0.24074978  -0.05609589    -0.01859032   0.03486407     0.01859032  -0.03486407
 -0.01859032   0.03486407    -0.24074978  -0.05609589    -0.01859032   0.03486407
  0.01859032  -0.03486407    -0.01859032   0.03486407    -0.24074978  -0.05609589
    2    1
 -0.24074978   0.05609589    -0.01859032  -0.03486407     0.01859032   0.03486407
 -0.01859032  -0.03486407    -0.24074978   0.05609589    -0.01859032  -0.03486407
  0.01859032   0.03486407    -0.01859032  -0.03486407    -0.24074978   0.05609589
    2    2
  0.27885325   0.00000000    -0.00690518   0.00000000     0.00690518   0.00000000
 -0.00690518   0.00000000     0.27885325   0.00000000    -0.00690518   0.00000000
  0.00690518   0.00000000    -0.00690518   0.00000000     0.27885325   0.00000000

     Dynamical  Matrix in cartesian axes

     q = (    0.166666667   0.166666667   0.166666667 ) 

    1    1
  0.27885325   0.00000000     0.00690518   0.00000000     0.00690518   0.00000000
  0.00690518   0.00000000     0.27885325   0.00000000     0.00690518   0.00000000
  0.00690518   0.00000000     0.00690518   0.00000000     0.27885325   0.00000000
    1    2
 -0.16895535   0.18044748    -0.02089802  -0.03353172    -0.02089802  -0.03353172
 -0.02089802  -0.03353172    -0.16895535   0.18044748    -0.02089802  -0.03353172
 -0.02089802  -0.03353172    -0.02089802  -0.03353172    -0.16895535   0.18044748
    2    1
 -0.16895535  -0.18044748    -0.02089802   0.03353172    -0.02089802   0.03353172
 -0.02089802   0.03353172    -0.16895535  -0.18044748    -0.02089802   0.03353172
 -0.02089802   0.03353172    -0.02089802   0.03353172    -0.16895535  -0.18044748
    2    2
  0.27885325   0.00000000     0.00690518   0.00000000     0.00690518   0.00000000
  0.00690518   0.00000000     0.27885325   0.00000000     0.00690518   0.00000000
  0.00690518   0.00000000     0.00690518   0.00000000     0.27885325   0.00000000

     Dynamical  Matrix in cartesian axes

     q = (   -0.166666667  -0.166666667  -0.166666667 ) 

    1    1
  0.27885325   0.00000000     0.00690518   0.00000000     0.00690518   0.00000000
  0.00690518   0.00000000     0.27885325   0.00000000     0.00690518   0.00000000
  0.00690518   0.00000000     0.00690518   0.00000000     0.27885325   0.00000000
    1    2
 -0.16895535  -0.18044748    -0.02089802   0.03353172    -0.02089802   0.03353172
 -0.02089802   0.03353172    -0.16895535  -0.18044748    -0.02089802   0.03353172
 -0.02089802   0.03353172    -0.02089802   0.03353172    -0.16895535  -0.18044748
    2    1
 -0.16895535   0.18044748    -0.02089802  -0.03353172    -0.02089802  -0.03353172
 -0.02089802  -0.03353172    -0.16895535   0.18044748    -0.02089802  -0.03353172
 -0.02089802  -0.03353172    -0.02089802  -0.03353172    -0.16895535   0.18044748
    2    2
  0.27885325   0.00000000     0.00690518   0.00000000     0.00690518   0.00000000
  0.00690518   0.00000000     0.27885325   0.00000000     0.00690518   0.00000000
  0.00690518   0.00000000     0.00690518   0.00000000     0.27885325   0.00000000

     Dynamical  Matrix in cartesian axes

     q = (    0.166666667  -0.166666667   0.166666667 ) 

    1    1
  0.27885325   0.00000000    -0.00690518   0.00000000     0.00690518   0.00000000
 -0.00690518   0.00000000     0.27885325   0.00000000    -0.00690518   0.00000000
  0.00690518   0.00000000    -0.00690518   0.00000000     0.27885325   0.00000000
    1    2
 -0.24074978   0.05609589    -0.01859032  -0.03486407     0.01859032   0.03486407
 -0.01859032  -0.03486407    -0.24074978   0.05609589    -0.01859032  -0.03486407
  0.01859032   0.03486407    -0.01859032  -0.03486407    -0.24074978   0.05609589
    2    1
 -0.24074978  -0.05609589    -0.01859032   0.03486407     0.01859032  -0.03486407
 -0.01859032   0.03486407    -0.24074978  -0.05609589    -0.01859032   0.03486407
  0.01859032  -0.03486407    -0.01859032   0.03486407    -0.24074978  -0.05609589
    2    2
  0.27885325   0.00000000    -0.00690518   0.00000000     0.00690518   0.00000000
 -0.00690518   0.00000000     0.27885325   0.00000000    -0.00690518   0.00000000
  0.00690518   0.00000000    -0.00690518   0.00000000     0.27885325   0.00000000

     Dynamical  Matrix in cartesian axes

     q = (    0.166666667  -0.166666667  -0.166666667 ) 

    1    1
  0.27885325   0.00000000    -0.00690518   0.00000000    -0.00690518   0.00000000
 -0.00690518   0.00000000     0.27885325   0.00000000     0.00690518   0.00000000
 -0.00690518   0.00000000     0.00690518   0.00000000     0.27885325   0.00000000
    1    2
 -0.24074978  -0.05609589    -0.01859032   0.03486407    -0.01859032   0.03486407
 -0.01859032   0.03486407    -0.24074978  -0.05609589     0.01859032  -0.03486407
 -0.01859032   0.03486407     0.01859032  -0.03486407    -0.24074978  -0.05609589
    2    1
 -0.24074978   0.05609589    -0.01859032  -0.03486407    -0.01859032  -0.03486407
 -0.01859032  -0.03486407    -0.24074978   0.05609589     0.01859032   0.03486407
 -0.01859032  -0.03486407     0.01859032   0.03486407    -0.24074978   0.05609589
    2    2
  0.27885325   0.00000000    -0.00690518   0.00000000    -0.00690518   0.00000000
 -0.00690518   0.00000000     0.27885325   0.00000000     0.00690518   0.00000000
 -0.00690518   0.00000000     0.00690518   0.00000000     0.27885325   0.00000000

     Dynamical  Matrix in cartesian axes

     q = (    0.166666667   0.166666667  -0.166666667 ) 

    1    1
  0.27885325   0.00000000     0.00690518   0.00000000    -0.00690518   0.00000000
  0.00690518   0.00000000     0.27885325   0.00000000    -0.00690518   0.00000000
 -0.00690518   0.00000000    -0.00690518   0.00000000     0.27885325   0.00000000
    1    2
 -0.24074978   0.05609589     0.01859032   0.03486407    -0.01859032  -0.03486407
  0.01859032   0.03486407    -0.24074978   0.05609589    -0.01859032  -0.03486407
 -0.01859032  -0.03486407    -0.01859032  -0.03486407    -0.24074978   0.05609589
    2    1
 -0.24074978  -0.05609589     0.01859032  -0.03486407    -0.01859032   0.03486407
  0.01859032  -0.03486407    -0.24074978  -0.05609589    -0.01859032   0.03486407
 -0.01859032   0.03486407    -0.01859032   0.03486407    -0.24074978  -0.05609589
    2    2
  0.27885325   0.00000000     0.00690518   0.00000000    -0.00690518   0.00000000
  0.00690518   0.00000000     0.27885325   0.00000000    -0.00690518   0.00000000
 -0.00690518   0.00000000    -0.00690518   0.00000000     0.27885325   0.00000000

     Dynamical  Matrix in cartesian axes

     q = (   -0.166666667  -0.166666667   0.166666667 ) 

    1    1
  0.27885325   0.00000000     0.00690518   0.00000000    -0.00690518   0.00000000
  0.00690518   0.00000000     0.27885325   0.00000000    -0.00690518   0.00000000
 -0.00690518   0.00000000    -0.00690518   0.00000000     0.27885325   0.00000000
    1    2
 -0.24074978  -0.05609589     0.01859032  -0.03486407    -0.01859032   0.03486407
  0.01859032  -0.03486407    -0.24074978  -0.05609589    -0.01859032   0.03486407
 -0.01859032   0.03486407    -0.01859032   0.03486407    -0.24074978  -0.05609589
    2    1
 -0.24074978   0.05609589     0.01859032   0.03486407    -0.01859032  -0.03486407
  0.01859032   0.03486407    -0.24074978   0.05609589    -0.01859032  -0.03486407
 -0.01859032  -0.03486407    -0.01859032  -0.03486407    -0.24074978   0.05609589
    2    2
  0.27885325   0.00000000     0.00690518   0.00000000    -0.00690518   0.00000000
  0.00690518   0.00000000     0.27885325   0.00000000    -0.00690518   0.00000000
 -0.00690518   0.00000000    -0.00690518   0.00000000     0.27885325   0.00000000

     Dynamical  Matrix in cartesian axes

     q = (   -0.166666667   0.166666667   0.166666667 ) 

    1    1
  0.27885325   0.00000000    -0.00690518   0.00000000    -0.00690518   0.00000000
 -0.00690518   0.00000000     0.27885325   0.00000000     0.00690518   0.00000000
 -0.00690518   0.00000000     0.00690518   0.00000000     0.27885325   0.00000000
    1    2
 -0.24074978   0.05609589    -0.01859032  -0.03486407    -0.01859032  -0.03486407
 -0.01859032  -0.03486407    -0.24074978   0.05609589     0.01859032   0.03486407
 -0.01859032  -0.03486407     0.01859032   0.03486407    -0.24074978   0.05609589
    2    1
 -0.24074978  -0.05609589    -0.01859032   0.03486407    -0.01859032   0.03486407
 -0.01859032   0.03486407    -0.24074978  -0.05609589     0.01859032  -0.03486407
 -0.01859032   0.03486407     0.01859032  -0.03486407    -0.24074978  -0.05609589
    2    2
  0.27885325   0.00000000    -0.00690518   0.00000000    -0.00690518   0.00000000
 -0.00690518   0.00000000     0.27885325   0.00000000     0.00690518   0.00000000
 -0.00690518   0.00000000     0.00690518   0.00000000     0.27885325   0.00000000

     Diagonalizing the dynamical matrix

     q = (   -0.166666667   0.166666667  -0.166666667 ) 

 **************************************************************************
     freq (    1) =       2.227947 [THz] =      74.316319 [cm-1]
 ( -0.534270 -0.001108 -0.456561  0.005254  0.077709  0.006362 ) 
 ( -0.532579  0.042490 -0.454609  0.042490  0.077969 -0.000000 ) 
     freq (    2) =       2.227947 [THz] =      74.316319 [cm-1]
 (  0.217554  0.023621 -0.352600 -0.023056 -0.570154 -0.046678 ) 
 (  0.218756  0.005791 -0.353305  0.005791 -0.572061  0.000000 ) 
     freq (    3) =       4.749229 [THz] =     158.417213 [cm-1]
 ( -0.347268 -0.214643  0.347268  0.214643 -0.347268 -0.214643 ) 
 ( -0.408248 -0.000000  0.408248  0.000000 -0.408248  0.000000 ) 
     freq (    4) =      14.997279 [THz] =     500.255387 [cm-1]
 (  0.347268  0.214643 -0.347268 -0.214643  0.347268  0.214643 ) 
 ( -0.408248 -0.000000  0.408248 -0.000000 -0.408248  0.000000 ) 
     freq (    5) =      14.999765 [THz] =     500.338290 [cm-1]
 ( -0.435826 -0.071144 -0.537009 -0.079428 -0.101183 -0.008284 ) 
 (  0.440178  0.035346  0.541699  0.035346  0.101522  0.000000 ) 
     freq (    6) =      14.999765 [THz] =     500.338290 [cm-1]
 ( -0.370116 -0.036636  0.196344  0.009740  0.566459  0.046375 ) 
 (  0.371871  0.006314 -0.196484  0.006314 -0.568354  0.000000 ) 
 **************************************************************************
