Dynamical matrix file
phonons of Si                                                              
  1    2   2  10.2000000   0.0000000   0.0000000   0.0000000   0.0000000   0.0000000
           1  'Si  '    25598.823011949724     
    1    1      0.0000000000      0.0000000000      0.0000000000
    2    1      0.2500000000      0.2500000000      0.2500000000

     Dynamical  Matrix in cartesian axes

     q = (    0.500000000  -0.166666667   0.500000000 ) 

    1    1
  0.27028542   0.00000000    -0.00865050   0.00743780     0.01305944   0.00000000
 -0.00865050  -0.00743780     0.28416832   0.00000000    -0.00865050  -0.00743780
  0.01305944   0.00000000    -0.00865050   0.00743780     0.27028542   0.00000000
    1    2
 -0.07009715   0.11037674    -0.09053319   0.00187261     0.04904242  -0.07678016
 -0.09053319   0.00187261    -0.07484313   0.12420456    -0.09053319   0.00187261
  0.04904242  -0.07678016    -0.09053319   0.00187261    -0.07009715   0.11037674
    2    1
 -0.07009715  -0.11037674    -0.09053319  -0.00187261     0.04904242   0.07678016
 -0.09053319  -0.00187261    -0.07484313  -0.12420456    -0.09053319  -0.00187261
  0.04904242   0.07678016    -0.09053319  -0.00187261    -0.07009715  -0.11037674
    2    2
  0.27028542   0.00000000    -0.00865050  -0.00743780     0.01305944   0.00000000
 -0.00865050   0.00743780     0.28416832   0.00000000    -0.00865050   0.00743780
  0.01305944   0.00000000    -0.00865050  -0.00743780     0.27028542   0.00000000

     Dynamical  Matrix in cartesian axes

     q = (   -0.500000000  -0.166666667  -0.500000000 ) 

    1    1
  0.27028542   0.00000000     0.00865050  -0.00743780     0.01305944   0.00000000
  0.00865050   0.00743780     0.28416832   0.00000000     0.00865050   0.00743780
  0.01305944   0.00000000     0.00865050  -0.00743780     0.27028542   0.00000000
    1    2
  0.07009715  -0.11037674    -0.09053319   0.00187261    -0.04904242   0.07678016
 -0.09053319   0.00187261     0.07484313  -0.12420456    -0.09053319   0.00187261
 -0.04904242   0.07678016    -0.09053319   0.00187261     0.07009715  -0.11037674
    2    1
  0.07009715   0.11037674    -0.09053319  -0.00187261    -0.04904242  -0.07678016
 -0.09053319  -0.00187261     0.07484313   0.12420456    -0.09053319  -0.00187261
 -0.04904242  -0.07678016    -0.09053319  -0.00187261     0.07009715   0.11037674
    2    2
  0.27028542   0.00000000     0.00865050   0.00743780     0.01305944   0.00000000
  0.00865050  -0.00743780     0.28416832   0.00000000     0.00865050  -0.00743780
  0.01305944   0.00000000     0.00865050   0.00743780     0.27028542   0.00000000

     Dynamical  Matrix in cartesian axes

     q = (    0.500000000  -0.166666667  -0.500000000 ) 

    1    1
  0.27028542   0.00000000    -0.00865050  -0.00743780    -0.01305944   0.00000000
 -0.00865050   0.00743780     0.28416832   0.00000000     0.00865050  -0.00743780
 -0.01305944   0.00000000     0.00865050   0.00743780     0.27028542   0.00000000
    1    2
 -0.13063764   0.00551754    -0.04688832   0.07746773    -0.09101478   0.00408191
 -0.04688832   0.07746773    -0.14498587   0.00271377     0.04688832  -0.07746773
 -0.09101478   0.00408191     0.04688832  -0.07746773    -0.13063764   0.00551754
    2    1
 -0.13063764  -0.00551754    -0.04688832  -0.07746773    -0.09101478  -0.00408191
 -0.04688832  -0.07746773    -0.14498587  -0.00271377     0.04688832   0.07746773
 -0.09101478  -0.00408191     0.04688832   0.07746773    -0.13063764  -0.00551754
    2    2
  0.27028542   0.00000000    -0.00865050   0.00743780    -0.01305944   0.00000000
 -0.00865050  -0.00743780     0.28416832   0.00000000     0.00865050   0.00743780
 -0.01305944   0.00000000     0.00865050  -0.00743780     0.27028542   0.00000000

     Dynamical  Matrix in cartesian axes

     q = (   -0.500000000  -0.166666667   0.500000000 ) 

    1    1
  0.27028542   0.00000000     0.00865050   0.00743780    -0.01305944   0.00000000
  0.00865050  -0.00743780     0.28416832   0.00000000    -0.00865050   0.00743780
 -0.01305944   0.00000000    -0.00865050  -0.00743780     0.27028542   0.00000000
    1    2
 -0.13063764   0.00551754     0.04688832  -0.07746773    -0.09101478   0.00408191
  0.04688832  -0.07746773    -0.14498587   0.00271377    -0.04688832   0.07746773
 -0.09101478   0.00408191    -0.04688832   0.07746773    -0.13063764   0.00551754
    2    1
 -0.13063764  -0.00551754     0.04688832   0.07746773    -0.09101478  -0.00408191
  0.04688832   0.07746773    -0.14498587  -0.00271377    -0.04688832  -0.07746773
 -0.09101478  -0.00408191    -0.04688832  -0.07746773    -0.13063764  -0.00551754
    2    2
  0.27028542   0.00000000     0.00865050  -0.00743780    -0.01305944   0.00000000
  0.00865050   0.00743780     0.28416832   0.00000000    -0.00865050  -0.00743780
 -0.01305944   0.00000000    -0.00865050   0.00743780     0.27028542   0.00000000

     Dynamical  Matrix in cartesian axes

     q = (   -0.166666667   0.500000000  -0.500000000 ) 

    1    1
  0.28416832   0.00000000    -0.00865050   0.00743780     0.00865050  -0.00743780
 -0.00865050  -0.00743780     0.27028542   0.00000000    -0.01305944   0.00000000
  0.00865050   0.00743780    -0.01305944   0.00000000     0.27028542   0.00000000
    1    2
 -0.14498587   0.00271377    -0.04688832   0.07746773     0.04688832  -0.07746773
 -0.04688832   0.07746773    -0.13063764   0.00551754    -0.09101478   0.00408191
  0.04688832  -0.07746773    -0.09101478   0.00408191    -0.13063764   0.00551754
    2    1
 -0.14498587  -0.00271377    -0.04688832  -0.07746773     0.04688832   0.07746773
 -0.04688832  -0.07746773    -0.13063764  -0.00551754    -0.09101478  -0.00408191
  0.04688832   0.07746773    -0.09101478  -0.00408191    -0.13063764  -0.00551754
    2    2
  0.28416832   0.00000000    -0.00865050  -0.00743780     0.00865050   0.00743780
 -0.00865050   0.00743780     0.27028542   0.00000000    -0.01305944   0.00000000
  0.00865050  -0.00743780    -0.01305944   0.00000000     0.27028542   0.00000000

     Dynamical  Matrix in cartesian axes

     q = (   -0.500000000   0.500000000  -0.166666667 ) 

    1    1
  0.27028542   0.00000000    -0.01305944   0.00000000     0.00865050   0.00743780
 -0.01305944   0.00000000     0.27028542   0.00000000    -0.00865050  -0.00743780
  0.00865050  -0.00743780    -0.00865050   0.00743780     0.28416832   0.00000000
    1    2
 -0.13063764   0.00551754    -0.09101478   0.00408191     0.04688832  -0.07746773
 -0.09101478   0.00408191    -0.13063764   0.00551754    -0.04688832   0.07746773
  0.04688832  -0.07746773    -0.04688832   0.07746773    -0.14498587   0.00271377
    2    1
 -0.13063764  -0.00551754    -0.09101478  -0.00408191     0.04688832   0.07746773
 -0.09101478  -0.00408191    -0.13063764  -0.00551754    -0.04688832  -0.07746773
  0.04688832   0.07746773    -0.04688832  -0.07746773    -0.14498587  -0.00271377
    2    2
  0.27028542   0.00000000    -0.01305944   0.00000000     0.00865050  -0.00743780
 -0.01305944   0.00000000     0.27028542   0.00000000    -0.00865050   0.00743780
  0.00865050   0.00743780    -0.00865050  -0.00743780     0.28416832   0.00000000

     Dynamical  Matrix in cartesian axes

     q = (    0.500000000   0.166666667   0.500000000 ) 

    1    1
  0.27028542   0.00000000     0.00865050   0.00743780     0.01305944   0.00000000
  0.00865050  -0.00743780     0.28416832   0.00000000     0.00865050  -0.00743780
  0.01305944   0.00000000     0.00865050   0.00743780     0.27028542   0.00000000
    1    2
  0.07009715   0.11037674    -0.09053319  -0.00187261    -0.04904242  -0.07678016
 -0.09053319  -0.00187261     0.07484313   0.12420456    -0.09053319  -0.00187261
 -0.04904242  -0.07678016    -0.09053319  -0.00187261     0.07009715   0.11037674
    2    1
  0.07009715  -0.11037674    -0.09053319   0.00187261    -0.04904242   0.07678016
 -0.09053319   0.00187261     0.07484313  -0.12420456    -0.09053319   0.00187261
 -0.04904242   0.07678016    -0.09053319   0.00187261     0.07009715  -0.11037674
    2    2
  0.27028542   0.00000000     0.00865050  -0.00743780     0.01305944   0.00000000
  0.00865050   0.00743780     0.28416832   0.00000000     0.00865050   0.00743780
  0.01305944   0.00000000     0.00865050  -0.00743780     0.27028542   0.00000000

     Dynamical  Matrix in cartesian axes

     q = (   -0.500000000   0.166666667   0.500000000 ) 

    1    1
  0.27028542   0.00000000    -0.00865050   0.00743780    -0.01305944   0.00000000
 -0.00865050  -0.00743780     0.28416832   0.00000000     0.00865050   0.00743780
 -0.01305944   0.00000000     0.00865050  -0.00743780     0.27028542   0.00000000
    1    2
 -0.13063764  -0.00551754    -0.04688832  -0.07746773    -0.09101478  -0.00408191
 -0.04688832  -0.07746773    -0.14498587  -0.00271377     0.04688832   0.07746773
 -0.09101478  -0.00408191     0.04688832   0.07746773    -0.13063764  -0.00551754
    2    1
 -0.13063764   0.00551754    -0.04688832   0.07746773    -0.09101478   0.00408191
 -0.04688832   0.07746773    -0.14498587   0.00271377     0.04688832  -0.07746773
 -0.09101478   0.00408191     0.04688832  -0.07746773    -0.13063764   0.00551754
    2    2
  0.27028542   0.00000000    -0.00865050  -0.00743780    -0.01305944   0.00000000
 -0.00865050   0.00743780     0.28416832   0.00000000     0.00865050  -0.00743780
 -0.01305944   0.00000000     0.00865050   0.00743780     0.27028542   0.00000000

     Dynamical  Matrix in cartesian axes

     q = (    0.500000000   0.166666667  -0.500000000 ) 

    1    1
  0.27028542   0.00000000     0.00865050  -0.00743780    -0.01305944   0.00000000
  0.00865050   0.00743780     0.28416832   0.00000000    -0.00865050  -0.00743780
 -0.01305944   0.00000000    -0.00865050   0.00743780     0.27028542   0.00000000
    1    2
 -0.13063764  -0.00551754     0.04688832   0.07746773    -0.09101478  -0.00408191
  0.04688832   0.07746773    -0.14498587  -0.00271377    -0.04688832  -0.07746773
 -0.09101478  -0.00408191    -0.04688832  -0.07746773    -0.13063764  -0.00551754
    2    1
 -0.13063764   0.00551754     0.04688832  -0.07746773    -0.09101478   0.00408191
  0.04688832  -0.07746773    -0.14498587   0.00271377    -0.04688832   0.07746773
 -0.09101478   0.00408191    -0.04688832   0.07746773    -0.13063764   0.00551754
    2    2
  0.27028542   0.00000000     0.00865050   0.00743780    -0.01305944   0.00000000
  0.00865050  -0.00743780     0.28416832   0.00000000    -0.00865050   0.00743780
 -0.01305944   0.00000000    -0.00865050  -0.00743780     0.27028542   0.00000000

     Dynamical  Matrix in cartesian axes

     q = (   -0.166666667   0.500000000   0.500000000 ) 

    1    1
  0.28416832   0.00000000    -0.00865050  -0.00743780    -0.00865050  -0.00743780
 -0.00865050   0.00743780     0.27028542   0.00000000     0.01305944   0.00000000
 -0.00865050   0.00743780     0.01305944   0.00000000     0.27028542   0.00000000
    1    2
 -0.07484313   0.12420456    -0.09053319   0.00187261    -0.09053319   0.00187261
 -0.09053319   0.00187261    -0.07009715   0.11037674     0.04904242  -0.07678016
 -0.09053319   0.00187261     0.04904242  -0.07678016    -0.07009715   0.11037674
    2    1
 -0.07484313  -0.12420456    -0.09053319  -0.00187261    -0.09053319  -0.00187261
 -0.09053319  -0.00187261    -0.07009715  -0.11037674     0.04904242   0.07678016
 -0.09053319  -0.00187261     0.04904242   0.07678016    -0.07009715  -0.11037674
    2    2
  0.28416832   0.00000000    -0.00865050   0.00743780    -0.00865050   0.00743780
 -0.00865050  -0.00743780     0.27028542   0.00000000     0.01305944   0.00000000
 -0.00865050  -0.00743780     0.01305944   0.00000000     0.27028542   0.00000000

     Dynamical  Matrix in cartesian axes

     q = (    0.166666667   0.500000000  -0.500000000 ) 

    1    1
  0.28416832   0.00000000     0.00865050   0.00743780    -0.00865050  -0.00743780
  0.00865050  -0.00743780     0.27028542   0.00000000    -0.01305944   0.00000000
 -0.00865050   0.00743780    -0.01305944   0.00000000     0.27028542   0.00000000
    1    2
 -0.14498587  -0.00271377     0.04688832   0.07746773    -0.04688832  -0.07746773
  0.04688832   0.07746773    -0.13063764  -0.00551754    -0.09101478  -0.00408191
 -0.04688832  -0.07746773    -0.09101478  -0.00408191    -0.13063764  -0.00551754
    2    1
 -0.14498587   0.00271377     0.04688832  -0.07746773    -0.04688832   0.07746773
  0.04688832  -0.07746773    -0.13063764   0.00551754    -0.09101478   0.00408191
 -0.04688832   0.07746773    -0.09101478   0.00408191    -0.13063764   0.00551754
    2    2
  0.28416832   0.00000000     0.00865050  -0.00743780    -0.00865050   0.00743780
  0.00865050   0.00743780     0.27028542   0.00000000    -0.01305944   0.00000000
 -0.00865050  -0.00743780    -0.01305944   0.00000000     0.27028542   0.00000000

     Dynamical  Matrix in cartesian axes

     q = (   -0.166666667  -0.500000000  -0.500000000 ) 

    1    1
  0.28416832   0.00000000     0.00865050   0.00743780     0.00865050   0.00743780
  0.00865050  -0.00743780     0.27028542   0.00000000     0.01305944   0.00000000
  0.00865050  -0.00743780     0.01305944   0.00000000     0.27028542   0.00000000
    1    2
  0.07484313  -0.12420456    -0.09053319   0.00187261    -0.09053319   0.00187261
 -0.09053319   0.00187261     0.07009715  -0.11037674    -0.04904242   0.07678016
 -0.09053319   0.00187261    -0.04904242   0.07678016     0.07009715  -0.11037674
    2    1
  0.07484313   0.12420456    -0.09053319  -0.00187261    -0.09053319  -0.00187261
 -0.09053319  -0.00187261     0.07009715   0.11037674    -0.04904242  -0.07678016
 -0.09053319  -0.00187261    -0.04904242  -0.07678016     0.07009715   0.11037674
    2    2
  0.28416832   0.00000000     0.00865050  -0.00743780     0.00865050  -0.00743780
  0.00865050   0.00743780     0.27028542   0.00000000     0.01305944   0.00000000
  0.00865050   0.00743780     0.01305944   0.00000000     0.27028542   0.00000000

     Dynamical  Matrix in cartesian axes

     q = (    0.500000000  -0.500000000   0.166666667 ) 

    1    1
  0.27028542   0.00000000    -0.01305944   0.00000000     0.00865050  -0.00743780
 -0.01305944   0.00000000     0.27028542   0.00000000    -0.00865050   0.00743780
  0.00865050   0.00743780    -0.00865050  -0.00743780     0.28416832   0.00000000
    1    2
 -0.13063764  -0.00551754    -0.09101478  -0.00408191     0.04688832   0.07746773
 -0.09101478  -0.00408191    -0.13063764  -0.00551754    -0.04688832  -0.07746773
  0.04688832   0.07746773    -0.04688832  -0.07746773    -0.14498587  -0.00271377
    2    1
 -0.13063764   0.00551754    -0.09101478   0.00408191     0.04688832  -0.07746773
 -0.09101478   0.00408191    -0.13063764   0.00551754    -0.04688832   0.07746773
  0.04688832  -0.07746773    -0.04688832   0.07746773    -0.14498587   0.00271377
    2    2
  0.27028542   0.00000000    -0.01305944   0.00000000     0.00865050   0.00743780
 -0.01305944   0.00000000     0.27028542   0.00000000    -0.00865050  -0.00743780
  0.00865050  -0.00743780    -0.00865050   0.00743780     0.28416832   0.00000000

     Dynamical  Matrix in cartesian axes

     q = (    0.500000000   0.500000000  -0.166666667 ) 

    1    1
  0.27028542   0.00000000     0.01305944   0.00000000    -0.00865050   0.00743780
  0.01305944   0.00000000     0.27028542   0.00000000    -0.00865050   0.00743780
 -0.00865050  -0.00743780    -0.00865050  -0.00743780     0.28416832   0.00000000
    1    2
 -0.07009715   0.11037674     0.04904242  -0.07678016    -0.09053319   0.00187261
  0.04904242  -0.07678016    -0.07009715   0.11037674    -0.09053319   0.00187261
 -0.09053319   0.00187261    -0.09053319   0.00187261    -0.07484313   0.12420456
    2    1
 -0.07009715  -0.11037674     0.04904242   0.07678016    -0.09053319  -0.00187261
  0.04904242   0.07678016    -0.07009715  -0.11037674    -0.09053319  -0.00187261
 -0.09053319  -0.00187261    -0.09053319  -0.00187261    -0.07484313  -0.12420456
    2    2
  0.27028542   0.00000000     0.01305944   0.00000000    -0.00865050  -0.00743780
  0.01305944   0.00000000     0.27028542   0.00000000    -0.00865050  -0.00743780
 -0.00865050   0.00743780    -0.00865050   0.00743780     0.28416832   0.00000000

     Dynamical  Matrix in cartesian axes

     q = (   -0.500000000  -0.500000000  -0.166666667 ) 

    1    1
  0.27028542   0.00000000     0.01305944   0.00000000     0.00865050  -0.00743780
  0.01305944   0.00000000     0.27028542   0.00000000     0.00865050  -0.00743780
  0.00865050   0.00743780     0.00865050   0.00743780     0.28416832   0.00000000
    1    2
  0.07009715  -0.11037674    -0.04904242   0.07678016    -0.09053319   0.00187261
 -0.04904242   0.07678016     0.07009715  -0.11037674    -0.09053319   0.00187261
 -0.09053319   0.00187261    -0.09053319   0.00187261     0.07484313  -0.12420456
    2    1
  0.07009715   0.11037674    -0.04904242  -0.07678016    -0.09053319  -0.00187261
 -0.04904242  -0.07678016     0.07009715   0.11037674    -0.09053319  -0.00187261
 -0.09053319  -0.00187261    -0.09053319  -0.00187261     0.07484313   0.12420456
    2    2
  0.27028542   0.00000000     0.01305944   0.00000000     0.00865050   0.00743780
  0.01305944   0.00000000     0.27028542   0.00000000     0.00865050   0.00743780
  0.00865050  -0.00743780     0.00865050  -0.00743780     0.28416832   0.00000000

     Dynamical  Matrix in cartesian axes

     q = (   -0.500000000   0.500000000   0.166666667 ) 

    1    1
  0.27028542   0.00000000    -0.01305944   0.00000000    -0.00865050   0.00743780
 -0.01305944   0.00000000     0.27028542   0.00000000     0.00865050  -0.00743780
 -0.00865050  -0.00743780     0.00865050   0.00743780     0.28416832   0.00000000
    1    2
 -0.13063764  -0.00551754    -0.09101478  -0.00408191    -0.04688832  -0.07746773
 -0.09101478  -0.00408191    -0.13063764  -0.00551754     0.04688832   0.07746773
 -0.04688832  -0.07746773     0.04688832   0.07746773    -0.14498587  -0.00271377
    2    1
 -0.13063764   0.00551754    -0.09101478   0.00408191    -0.04688832   0.07746773
 -0.09101478   0.00408191    -0.13063764   0.00551754     0.04688832  -0.07746773
 -0.04688832   0.07746773     0.04688832  -0.07746773    -0.14498587   0.00271377
    2    2
  0.27028542   0.00000000    -0.01305944   0.00000000    -0.00865050  -0.00743780
 -0.01305944   0.00000000     0.27028542   0.00000000     0.00865050   0.00743780
 -0.00865050   0.00743780     0.00865050  -0.00743780     0.28416832   0.00000000

     Dynamical  Matrix in cartesian axes

     q = (    0.166666667  -0.500000000   0.500000000 ) 

    1    1
  0.28416832   0.00000000    -0.00865050  -0.00743780     0.00865050   0.00743780
 -0.00865050   0.00743780     0.27028542   0.00000000    -0.01305944   0.00000000
  0.00865050  -0.00743780    -0.01305944   0.00000000     0.27028542   0.00000000
    1    2
 -0.14498587  -0.00271377    -0.04688832  -0.07746773     0.04688832   0.07746773
 -0.04688832  -0.07746773    -0.13063764  -0.00551754    -0.09101478  -0.00408191
  0.04688832   0.07746773    -0.09101478  -0.00408191    -0.13063764  -0.00551754
    2    1
 -0.14498587   0.00271377    -0.04688832   0.07746773     0.04688832  -0.07746773
 -0.04688832   0.07746773    -0.13063764   0.00551754    -0.09101478   0.00408191
  0.04688832  -0.07746773    -0.09101478   0.00408191    -0.13063764   0.00551754
    2    2
  0.28416832   0.00000000    -0.00865050   0.00743780     0.00865050  -0.00743780
 -0.00865050  -0.00743780     0.27028542   0.00000000    -0.01305944   0.00000000
  0.00865050   0.00743780    -0.01305944   0.00000000     0.27028542   0.00000000

     Dynamical  Matrix in cartesian axes

     q = (    0.166666667   0.500000000   0.500000000 ) 

    1    1
  0.28416832   0.00000000     0.00865050  -0.00743780     0.00865050  -0.00743780
  0.00865050   0.00743780     0.27028542   0.00000000     0.01305944   0.00000000
  0.00865050   0.00743780     0.01305944   0.00000000     0.27028542   0.00000000
    1    2
  0.07484313   0.12420456    -0.09053319  -0.00187261    -0.09053319  -0.00187261
 -0.09053319  -0.00187261     0.07009715   0.11037674    -0.04904242  -0.07678016
 -0.09053319  -0.00187261    -0.04904242  -0.07678016     0.07009715   0.11037674
    2    1
  0.07484313  -0.12420456    -0.09053319   0.00187261    -0.09053319   0.00187261
 -0.09053319   0.00187261     0.07009715  -0.11037674    -0.04904242   0.07678016
 -0.09053319   0.00187261    -0.04904242   0.07678016     0.07009715  -0.11037674
    2    2
  0.28416832   0.00000000     0.00865050   0.00743780     0.00865050   0.00743780
  0.00865050  -0.00743780     0.27028542   0.00000000     0.01305944   0.00000000
  0.00865050  -0.00743780     0.01305944   0.00000000     0.27028542   0.00000000

     Dynamical  Matrix in cartesian axes

     q = (   -0.500000000   0.166666667  -0.500000000 ) 

    1    1
  0.27028542   0.00000000    -0.00865050  -0.00743780     0.01305944   0.00000000
 -0.00865050   0.00743780     0.28416832   0.00000000    -0.00865050   0.00743780
  0.01305944   0.00000000    -0.00865050  -0.00743780     0.27028542   0.00000000
    1    2
 -0.07009715  -0.11037674    -0.09053319  -0.00187261     0.04904242   0.07678016
 -0.09053319  -0.00187261    -0.07484313  -0.12420456    -0.09053319  -0.00187261
  0.04904242   0.07678016    -0.09053319  -0.00187261    -0.07009715  -0.11037674
    2    1
 -0.07009715   0.11037674    -0.09053319   0.00187261     0.04904242  -0.07678016
 -0.09053319   0.00187261    -0.07484313   0.12420456    -0.09053319   0.00187261
  0.04904242  -0.07678016    -0.09053319   0.00187261    -0.07009715   0.11037674
    2    2
  0.27028542   0.00000000    -0.00865050   0.00743780     0.01305944   0.00000000
 -0.00865050  -0.00743780     0.28416832   0.00000000    -0.00865050  -0.00743780
  0.01305944   0.00000000    -0.00865050   0.00743780     0.27028542   0.00000000

     Dynamical  Matrix in cartesian axes

     q = (   -0.166666667  -0.500000000   0.500000000 ) 

    1    1
  0.28416832   0.00000000     0.00865050  -0.00743780    -0.00865050   0.00743780
  0.00865050   0.00743780     0.27028542   0.00000000    -0.01305944   0.00000000
 -0.00865050  -0.00743780    -0.01305944   0.00000000     0.27028542   0.00000000
    1    2
 -0.14498587   0.00271377     0.04688832  -0.07746773    -0.04688832   0.07746773
  0.04688832  -0.07746773    -0.13063764   0.00551754    -0.09101478   0.00408191
 -0.04688832   0.07746773    -0.09101478   0.00408191    -0.13063764   0.00551754
    2    1
 -0.14498587  -0.00271377     0.04688832   0.07746773    -0.04688832  -0.07746773
  0.04688832   0.07746773    -0.13063764  -0.00551754    -0.09101478  -0.00408191
 -0.04688832  -0.07746773    -0.09101478  -0.00408191    -0.13063764  -0.00551754
    2    2
  0.28416832   0.00000000     0.00865050   0.00743780    -0.00865050  -0.00743780
  0.00865050  -0.00743780     0.27028542   0.00000000    -0.01305944   0.00000000
 -0.00865050   0.00743780    -0.01305944   0.00000000     0.27028542   0.00000000

     Dynamical  Matrix in cartesian axes

     q = (   -0.500000000  -0.500000000   0.166666667 ) 

    1    1
  0.27028542   0.00000000     0.01305944   0.00000000    -0.00865050  -0.00743780
  0.01305944   0.00000000     0.27028542   0.00000000    -0.00865050  -0.00743780
 -0.00865050   0.00743780    -0.00865050   0.00743780     0.28416832   0.00000000
    1    2
 -0.07009715  -0.11037674     0.04904242   0.07678016    -0.09053319  -0.00187261
  0.04904242   0.07678016    -0.07009715  -0.11037674    -0.09053319  -0.00187261
 -0.09053319  -0.00187261    -0.09053319  -0.00187261    -0.07484313  -0.12420456
    2    1
 -0.07009715   0.11037674     0.04904242  -0.07678016    -0.09053319   0.00187261
  0.04904242  -0.07678016    -0.07009715   0.11037674    -0.09053319   0.00187261
 -0.09053319   0.00187261    -0.09053319   0.00187261    -0.07484313   0.12420456
    2    2
  0.27028542   0.00000000     0.01305944   0.00000000    -0.00865050   0.00743780
  0.01305944   0.00000000     0.27028542   0.00000000    -0.00865050   0.00743780
 -0.00865050  -0.00743780    -0.00865050  -0.00743780     0.28416832   0.00000000

     Dynamical  Matrix in cartesian axes

     q = (    0.500000000   0.500000000   0.166666667 ) 

    1    1
  0.27028542   0.00000000     0.01305944   0.00000000     0.00865050   0.00743780
  0.01305944   0.00000000     0.27028542   0.00000000     0.00865050   0.00743780
  0.00865050  -0.00743780     0.00865050  -0.00743780     0.28416832   0.00000000
    1    2
  0.07009715   0.11037674    -0.04904242  -0.07678016    -0.09053319  -0.00187261
 -0.04904242  -0.07678016     0.07009715   0.11037674    -0.09053319  -0.00187261
 -0.09053319  -0.00187261    -0.09053319  -0.00187261     0.07484313   0.12420456
    2    1
  0.07009715  -0.11037674    -0.04904242   0.07678016    -0.09053319   0.00187261
 -0.04904242   0.07678016     0.07009715  -0.11037674    -0.09053319   0.00187261
 -0.09053319   0.00187261    -0.09053319   0.00187261     0.07484313  -0.12420456
    2    2
  0.27028542   0.00000000     0.01305944   0.00000000     0.00865050  -0.00743780
  0.01305944   0.00000000     0.27028542   0.00000000     0.00865050  -0.00743780
  0.00865050   0.00743780     0.00865050   0.00743780     0.28416832   0.00000000

     Dynamical  Matrix in cartesian axes

     q = (    0.166666667  -0.500000000  -0.500000000 ) 

    1    1
  0.28416832   0.00000000    -0.00865050   0.00743780    -0.00865050   0.00743780
 -0.00865050  -0.00743780     0.27028542   0.00000000     0.01305944   0.00000000
 -0.00865050  -0.00743780     0.01305944   0.00000000     0.27028542   0.00000000
    1    2
 -0.07484313  -0.12420456    -0.09053319  -0.00187261    -0.09053319  -0.00187261
 -0.09053319  -0.00187261    -0.07009715  -0.11037674     0.04904242   0.07678016
 -0.09053319  -0.00187261     0.04904242   0.07678016    -0.07009715  -0.11037674
    2    1
 -0.07484313   0.12420456    -0.09053319   0.00187261    -0.09053319   0.00187261
 -0.09053319   0.00187261    -0.07009715   0.11037674     0.04904242  -0.07678016
 -0.09053319   0.00187261     0.04904242  -0.07678016    -0.07009715   0.11037674
    2    2
  0.28416832   0.00000000    -0.00865050  -0.00743780    -0.00865050  -0.00743780
 -0.00865050   0.00743780     0.27028542   0.00000000     0.01305944   0.00000000
 -0.00865050   0.00743780     0.01305944   0.00000000     0.27028542   0.00000000

     Dynamical  Matrix in cartesian axes

     q = (    0.500000000  -0.500000000  -0.166666667 ) 

    1    1
  0.27028542   0.00000000    -0.01305944   0.00000000    -0.00865050  -0.00743780
 -0.01305944   0.00000000     0.27028542   0.00000000     0.00865050   0.00743780
 -0.00865050   0.00743780     0.00865050  -0.00743780     0.28416832   0.00000000
    1    2
 -0.13063764   0.00551754    -0.09101478   0.00408191    -0.04688832   0.07746773
 -0.09101478   0.00408191    -0.13063764   0.00551754     0.04688832  -0.07746773
 -0.04688832   0.07746773     0.04688832  -0.07746773    -0.14498587   0.00271377
    2    1
 -0.13063764  -0.00551754    -0.09101478  -0.00408191    -0.04688832  -0.07746773
 -0.09101478  -0.00408191    -0.13063764  -0.00551754     0.04688832   0.07746773
 -0.04688832  -0.07746773     0.04688832   0.07746773    -0.14498587  -0.00271377
    2    2
  0.27028542   0.00000000    -0.01305944   0.00000000    -0.00865050   0.00743780
 -0.01305944   0.00000000     0.27028542   0.00000000     0.00865050  -0.00743780
 -0.00865050  -0.00743780     0.00865050   0.00743780     0.28416832   0.00000000

     Diagonalizing the dynamical matrix

     q = (    0.500000000  -0.166666667   0.500000000 ) 

 **************************************************************************
     freq (    1) =       3.866845 [THz] =     128.984049 [cm-1]
 (  0.268501 -0.421790  0.000000 -0.000000 -0.268501  0.421790 ) 
 (  0.500000 -0.000000  0.000000  0.000000 -0.500000  0.000000 ) 
     freq (    2) =       5.146811 [THz] =     171.679121 [cm-1]
 ( -0.261879 -0.041765 -0.568966  0.188755 -0.261879 -0.041765 ) 
 ( -0.265188  0.000000 -0.532138 -0.276005 -0.265188  0.000000 ) 
     freq (    3) =       9.138712 [THz] =     304.834613 [cm-1]
 (  0.209865  0.361404 -0.332189 -0.200844  0.209865  0.361404 ) 
 ( -0.417919 -0.000000  0.340498  0.186411 -0.417919  0.000000 ) 
     freq (    4) =      12.558297 [THz] =     418.899689 [cm-1]
 (  0.117871  0.426401 -0.315428 -0.095307  0.117871  0.426401 ) 
 (  0.442392 -0.000000 -0.175905 -0.278632  0.442392  0.000000 ) 
     freq (    5) =      14.232194 [THz] =     474.734888 [cm-1]
 (  0.268501 -0.421790  0.000000  0.000000 -0.268501  0.421790 ) 
 ( -0.500000 -0.000000 -0.000000 -0.000000  0.500000  0.000000 ) 
     freq (    6) =      14.565960 [THz] =     485.868138 [cm-1]
 (  0.139144  0.199867  0.616626 -0.034009  0.139144  0.199867 ) 
 ( -0.243532 -0.000000 -0.324402 -0.525497 -0.243532  0.000000 ) 
 **************************************************************************
