Dynamical matrix file
phonons of Si                                                              
  1    2   2  10.2000000   0.0000000   0.0000000   0.0000000   0.0000000   0.0000000
           1  'Si  '    25598.823011949724     
    1    1      0.0000000000      0.0000000000      0.0000000000
    2    1      0.2500000000      0.2500000000      0.2500000000

     Dynamical  Matrix in cartesian axes

     q = (    0.500000000  -0.166666667   0.833333333 ) 

    1    1
  0.25020202   0.00000000    -0.00558680   0.00107955     0.00558680   0.00107955
 -0.00558680  -0.00107955     0.28015605  -0.00000000    -0.00385213  -0.01616212
  0.00558680  -0.00107955    -0.00385213   0.01616212     0.28015605   0.00000000
    1    2
 -0.03069121   0.05315874    -0.11340548   0.04180087    -0.02050212  -0.11911246
 -0.11340548   0.04180087    -0.03077603   0.06175877    -0.02353225   0.04075905
 -0.02050212  -0.11911246    -0.02353225   0.04075905    -0.03809665   0.05753221
    2    1
 -0.03069121  -0.05315874    -0.11340548  -0.04180087    -0.02050212   0.11911246
 -0.11340548  -0.04180087    -0.03077603  -0.06175877    -0.02353225  -0.04075905
 -0.02050212   0.11911246    -0.02353225  -0.04075905    -0.03809665  -0.05753221
    2    2
  0.25020202  -0.00000000    -0.00558680  -0.00107955     0.00558680  -0.00107955
 -0.00558680   0.00107955     0.28015605   0.00000000    -0.00385213   0.01616212
  0.00558680   0.00107955    -0.00385213  -0.01616212     0.28015605  -0.00000000

     Dynamical  Matrix in cartesian axes

     q = (    0.833333333   0.166666667   0.500000000 ) 

    1    1
  0.28015605  -0.00000000     0.00385213   0.01616212     0.00558680   0.00107955
  0.00385213  -0.01616212     0.28015605   0.00000000     0.00558680  -0.00107955
  0.00558680  -0.00107955     0.00558680   0.00107955     0.25020202  -0.00000000
    1    2
  0.06887268  -0.00422656    -0.04706450   0.00000000    -0.09290336  -0.07731159
 -0.04706450  -0.00000000     0.06887268   0.00422656    -0.09290336   0.07731159
 -0.09290336  -0.07731159    -0.09290336   0.07731159     0.06138243   0.00000000
    2    1
  0.06887268   0.00422656    -0.04706450   0.00000000    -0.09290336   0.07731159
 -0.04706450   0.00000000     0.06887268  -0.00422656    -0.09290336  -0.07731159
 -0.09290336   0.07731159    -0.09290336  -0.07731159     0.06138243  -0.00000000
    2    2
  0.28015605   0.00000000     0.00385213  -0.01616212     0.00558680  -0.00107955
  0.00385213   0.01616212     0.28015605  -0.00000000     0.00558680   0.00107955
  0.00558680   0.00107955     0.00558680  -0.00107955     0.25020202   0.00000000

     Dynamical  Matrix in cartesian axes

     q = (    0.500000000   0.166666667   0.833333333 ) 

    1    1
  0.25020202   0.00000000     0.00558680   0.00107955     0.00558680  -0.00107955
  0.00558680  -0.00107955     0.28015605   0.00000000     0.00385213  -0.01616212
  0.00558680   0.00107955     0.00385213   0.01616212     0.28015605   0.00000000
    1    2
  0.06138243   0.00000000    -0.09290336   0.07731159    -0.09290336  -0.07731159
 -0.09290336   0.07731159     0.06887268   0.00422656    -0.04706450  -0.00000000
 -0.09290336  -0.07731159    -0.04706450   0.00000000     0.06887268  -0.00422656
    2    1
  0.06138243  -0.00000000    -0.09290336  -0.07731159    -0.09290336   0.07731159
 -0.09290336  -0.07731159     0.06887268  -0.00422656    -0.04706450   0.00000000
 -0.09290336   0.07731159    -0.04706450   0.00000000     0.06887268   0.00422656
    2    2
  0.25020202  -0.00000000     0.00558680  -0.00107955     0.00558680   0.00107955
  0.00558680   0.00107955     0.28015605  -0.00000000     0.00385213   0.01616212
  0.00558680  -0.00107955     0.00385213  -0.01616212     0.28015605  -0.00000000

     Dynamical  Matrix in cartesian axes

     q = (   -0.833333333  -0.166666667   0.500000000 ) 

    1    1
  0.28015605  -0.00000000     0.00385213   0.01616212    -0.00558680  -0.00107955
  0.00385213  -0.01616212     0.28015605   0.00000000    -0.00558680   0.00107955
 -0.00558680   0.00107955    -0.00558680  -0.00107955     0.25020202   0.00000000
    1    2
 -0.06887268   0.00422656     0.04706450   0.00000000    -0.09290336  -0.07731159
  0.04706450   0.00000000    -0.06887268  -0.00422656    -0.09290336   0.07731159
 -0.09290336  -0.07731159    -0.09290336   0.07731159    -0.06138243  -0.00000000
    2    1
 -0.06887268  -0.00422656     0.04706450   0.00000000    -0.09290336   0.07731159
  0.04706450  -0.00000000    -0.06887268   0.00422656    -0.09290336  -0.07731159
 -0.09290336   0.07731159    -0.09290336  -0.07731159    -0.06138243   0.00000000
    2    2
  0.28015605   0.00000000     0.00385213  -0.01616212    -0.00558680   0.00107955
  0.00385213   0.01616212     0.28015605  -0.00000000    -0.00558680  -0.00107955
 -0.00558680  -0.00107955    -0.00558680   0.00107955     0.25020202  -0.00000000

     Dynamical  Matrix in cartesian axes

     q = (   -0.833333333  -0.166666667  -0.500000000 ) 

    1    1
  0.28015605   0.00000000     0.00385213  -0.01616212     0.00558680  -0.00107955
  0.00385213   0.01616212     0.28015605  -0.00000000     0.00558680   0.00107955
  0.00558680   0.00107955     0.00558680  -0.00107955     0.25020202   0.00000000
    1    2
  0.06887268   0.00422656    -0.04706450   0.00000000    -0.09290336   0.07731159
 -0.04706450   0.00000000     0.06887268  -0.00422656    -0.09290336  -0.07731159
 -0.09290336   0.07731159    -0.09290336  -0.07731159     0.06138243  -0.00000000
    2    1
  0.06887268  -0.00422656    -0.04706450   0.00000000    -0.09290336  -0.07731159
 -0.04706450  -0.00000000     0.06887268   0.00422656    -0.09290336   0.07731159
 -0.09290336  -0.07731159    -0.09290336   0.07731159     0.06138243   0.00000000
    2    2
  0.28015605  -0.00000000     0.00385213   0.01616212     0.00558680   0.00107955
  0.00385213  -0.01616212     0.28015605   0.00000000     0.00558680  -0.00107955
  0.00558680  -0.00107955     0.00558680   0.00107955     0.25020202  -0.00000000

     Dynamical  Matrix in cartesian axes

     q = (   -0.500000000  -0.166666667  -0.833333333 ) 

    1    1
  0.25020202  -0.00000000     0.00558680  -0.00107955     0.00558680   0.00107955
  0.00558680   0.00107955     0.28015605  -0.00000000     0.00385213   0.01616212
  0.00558680  -0.00107955     0.00385213  -0.01616212     0.28015605  -0.00000000
    1    2
  0.06138243  -0.00000000    -0.09290336  -0.07731159    -0.09290336   0.07731159
 -0.09290336  -0.07731159     0.06887268  -0.00422656    -0.04706450   0.00000000
 -0.09290336   0.07731159    -0.04706450   0.00000000     0.06887268   0.00422656
    2    1
  0.06138243   0.00000000    -0.09290336   0.07731159    -0.09290336  -0.07731159
 -0.09290336   0.07731159     0.06887268   0.00422656    -0.04706450  -0.00000000
 -0.09290336  -0.07731159    -0.04706450   0.00000000     0.06887268  -0.00422656
    2    2
  0.25020202   0.00000000     0.00558680   0.00107955     0.00558680  -0.00107955
  0.00558680  -0.00107955     0.28015605   0.00000000     0.00385213  -0.01616212
  0.00558680   0.00107955     0.00385213   0.01616212     0.28015605   0.00000000

     Dynamical  Matrix in cartesian axes

     q = (    0.833333333  -0.166666667   0.500000000 ) 

    1    1
  0.28015605   0.00000000    -0.00385213   0.01616212     0.00558680  -0.00107955
 -0.00385213  -0.01616212     0.28015605   0.00000000    -0.00558680  -0.00107955
  0.00558680   0.00107955    -0.00558680   0.00107955     0.25020202   0.00000000
    1    2
 -0.03809665   0.05753221    -0.02353225   0.04075905    -0.02050212  -0.11911246
 -0.02353225   0.04075905    -0.03077603   0.06175877    -0.11340548   0.04180087
 -0.02050212  -0.11911246    -0.11340548   0.04180087    -0.03069121   0.05315874
    2    1
 -0.03809665  -0.05753221    -0.02353225  -0.04075905    -0.02050212   0.11911246
 -0.02353225  -0.04075905    -0.03077603  -0.06175877    -0.11340548  -0.04180087
 -0.02050212   0.11911246    -0.11340548  -0.04180087    -0.03069121  -0.05315874
    2    2
  0.28015605   0.00000000    -0.00385213  -0.01616212     0.00558680   0.00107955
 -0.00385213   0.01616212     0.28015605   0.00000000    -0.00558680   0.00107955
  0.00558680  -0.00107955    -0.00558680  -0.00107955     0.25020202   0.00000000

     Dynamical  Matrix in cartesian axes

     q = (   -0.500000000  -0.166666667   0.833333333 ) 

    1    1
  0.25020202   0.00000000     0.00558680   0.00107955    -0.00558680   0.00107955
  0.00558680  -0.00107955     0.28015605   0.00000000    -0.00385213   0.01616212
 -0.00558680  -0.00107955    -0.00385213  -0.01616212     0.28015605  -0.00000000
    1    2
 -0.03069121   0.05315874    -0.02050212  -0.11911246    -0.11340548   0.04180087
 -0.02050212  -0.11911246    -0.03809665   0.05753221    -0.02353225   0.04075905
 -0.11340548   0.04180087    -0.02353225   0.04075905    -0.03077603   0.06175877
    2    1
 -0.03069121  -0.05315874    -0.02050212   0.11911246    -0.11340548  -0.04180087
 -0.02050212   0.11911246    -0.03809665  -0.05753221    -0.02353225  -0.04075905
 -0.11340548  -0.04180087    -0.02353225  -0.04075905    -0.03077603  -0.06175877
    2    2
  0.25020202  -0.00000000     0.00558680  -0.00107955    -0.00558680  -0.00107955
  0.00558680   0.00107955     0.28015605  -0.00000000    -0.00385213  -0.01616212
 -0.00558680   0.00107955    -0.00385213   0.01616212     0.28015605   0.00000000

     Dynamical  Matrix in cartesian axes

     q = (   -0.833333333   0.166666667   0.500000000 ) 

    1    1
  0.28015605   0.00000000    -0.00385213   0.01616212    -0.00558680   0.00107955
 -0.00385213  -0.01616212     0.28015605   0.00000000     0.00558680   0.00107955
 -0.00558680  -0.00107955     0.00558680  -0.00107955     0.25020202   0.00000000
    1    2
 -0.03077603  -0.06175877    -0.02353225  -0.04075905    -0.11340548  -0.04180087
 -0.02353225  -0.04075905    -0.03809665  -0.05753221    -0.02050212   0.11911246
 -0.11340548  -0.04180087    -0.02050212   0.11911246    -0.03069121  -0.05315874
    2    1
 -0.03077603   0.06175877    -0.02353225   0.04075905    -0.11340548   0.04180087
 -0.02353225   0.04075905    -0.03809665   0.05753221    -0.02050212  -0.11911246
 -0.11340548   0.04180087    -0.02050212  -0.11911246    -0.03069121   0.05315874
    2    2
  0.28015605   0.00000000    -0.00385213  -0.01616212    -0.00558680  -0.00107955
 -0.00385213   0.01616212     0.28015605   0.00000000     0.00558680  -0.00107955
 -0.00558680   0.00107955     0.00558680   0.00107955     0.25020202   0.00000000

     Dynamical  Matrix in cartesian axes

     q = (    0.833333333   0.166666667  -0.500000000 ) 

    1    1
  0.28015605   0.00000000     0.00385213  -0.01616212    -0.00558680   0.00107955
  0.00385213   0.01616212     0.28015605  -0.00000000    -0.00558680  -0.00107955
 -0.00558680  -0.00107955    -0.00558680   0.00107955     0.25020202  -0.00000000
    1    2
 -0.06887268  -0.00422656     0.04706450   0.00000000    -0.09290336   0.07731159
  0.04706450  -0.00000000    -0.06887268   0.00422656    -0.09290336  -0.07731159
 -0.09290336   0.07731159    -0.09290336  -0.07731159    -0.06138243   0.00000000
    2    1
 -0.06887268   0.00422656     0.04706450   0.00000000    -0.09290336  -0.07731159
  0.04706450   0.00000000    -0.06887268  -0.00422656    -0.09290336   0.07731159
 -0.09290336  -0.07731159    -0.09290336   0.07731159    -0.06138243  -0.00000000
    2    2
  0.28015605  -0.00000000     0.00385213   0.01616212    -0.00558680  -0.00107955
  0.00385213  -0.01616212     0.28015605   0.00000000    -0.00558680   0.00107955
 -0.00558680   0.00107955    -0.00558680  -0.00107955     0.25020202   0.00000000

     Dynamical  Matrix in cartesian axes

     q = (    0.833333333  -0.166666667  -0.500000000 ) 

    1    1
  0.28015605   0.00000000    -0.00385213  -0.01616212    -0.00558680  -0.00107955
 -0.00385213   0.01616212     0.28015605   0.00000000     0.00558680  -0.00107955
 -0.00558680   0.00107955     0.00558680   0.00107955     0.25020202   0.00000000
    1    2
 -0.03077603   0.06175877    -0.02353225   0.04075905    -0.11340548   0.04180087
 -0.02353225   0.04075905    -0.03809665   0.05753221    -0.02050212  -0.11911246
 -0.11340548   0.04180087    -0.02050212  -0.11911246    -0.03069121   0.05315874
    2    1
 -0.03077603  -0.06175877    -0.02353225  -0.04075905    -0.11340548  -0.04180087
 -0.02353225  -0.04075905    -0.03809665  -0.05753221    -0.02050212   0.11911246
 -0.11340548  -0.04180087    -0.02050212   0.11911246    -0.03069121  -0.05315874
    2    2
  0.28015605   0.00000000    -0.00385213   0.01616212    -0.00558680   0.00107955
 -0.00385213  -0.01616212     0.28015605   0.00000000     0.00558680   0.00107955
 -0.00558680  -0.00107955     0.00558680  -0.00107955     0.25020202   0.00000000

     Dynamical  Matrix in cartesian axes

     q = (    0.500000000   0.166666667  -0.833333333 ) 

    1    1
  0.25020202  -0.00000000     0.00558680  -0.00107955    -0.00558680  -0.00107955
  0.00558680   0.00107955     0.28015605  -0.00000000    -0.00385213  -0.01616212
 -0.00558680   0.00107955    -0.00385213   0.01616212     0.28015605   0.00000000
    1    2
 -0.03069121  -0.05315874    -0.02050212   0.11911246    -0.11340548  -0.04180087
 -0.02050212   0.11911246    -0.03809665  -0.05753221    -0.02353225  -0.04075905
 -0.11340548  -0.04180087    -0.02353225  -0.04075905    -0.03077603  -0.06175877
    2    1
 -0.03069121   0.05315874    -0.02050212  -0.11911246    -0.11340548   0.04180087
 -0.02050212  -0.11911246    -0.03809665   0.05753221    -0.02353225   0.04075905
 -0.11340548   0.04180087    -0.02353225   0.04075905    -0.03077603   0.06175877
    2    2
  0.25020202   0.00000000     0.00558680   0.00107955    -0.00558680   0.00107955
  0.00558680  -0.00107955     0.28015605   0.00000000    -0.00385213   0.01616212
 -0.00558680  -0.00107955    -0.00385213  -0.01616212     0.28015605  -0.00000000

     Dynamical  Matrix in cartesian axes

     q = (   -0.500000000   0.166666667   0.833333333 ) 

    1    1
  0.25020202  -0.00000000    -0.00558680   0.00107955    -0.00558680  -0.00107955
 -0.00558680  -0.00107955     0.28015605  -0.00000000     0.00385213   0.01616212
 -0.00558680   0.00107955     0.00385213  -0.01616212     0.28015605  -0.00000000
    1    2
 -0.06138243  -0.00000000    -0.09290336  -0.07731159    -0.09290336   0.07731159
 -0.09290336  -0.07731159    -0.06887268   0.00422656     0.04706450   0.00000000
 -0.09290336   0.07731159     0.04706450   0.00000000    -0.06887268  -0.00422656
    2    1
 -0.06138243   0.00000000    -0.09290336   0.07731159    -0.09290336  -0.07731159
 -0.09290336   0.07731159    -0.06887268  -0.00422656     0.04706450  -0.00000000
 -0.09290336  -0.07731159     0.04706450  -0.00000000    -0.06887268   0.00422656
    2    2
  0.25020202   0.00000000    -0.00558680  -0.00107955    -0.00558680   0.00107955
 -0.00558680   0.00107955     0.28015605   0.00000000     0.00385213  -0.01616212
 -0.00558680  -0.00107955     0.00385213   0.01616212     0.28015605   0.00000000

     Dynamical  Matrix in cartesian axes

     q = (   -0.500000000   0.166666667  -0.833333333 ) 

    1    1
  0.25020202  -0.00000000    -0.00558680  -0.00107955     0.00558680  -0.00107955
 -0.00558680   0.00107955     0.28015605   0.00000000    -0.00385213   0.01616212
  0.00558680   0.00107955    -0.00385213  -0.01616212     0.28015605  -0.00000000
    1    2
 -0.03069121  -0.05315874    -0.11340548  -0.04180087    -0.02050212   0.11911246
 -0.11340548  -0.04180087    -0.03077603  -0.06175877    -0.02353225  -0.04075905
 -0.02050212   0.11911246    -0.02353225  -0.04075905    -0.03809665  -0.05753221
    2    1
 -0.03069121   0.05315874    -0.11340548   0.04180087    -0.02050212  -0.11911246
 -0.11340548   0.04180087    -0.03077603   0.06175877    -0.02353225   0.04075905
 -0.02050212  -0.11911246    -0.02353225   0.04075905    -0.03809665   0.05753221
    2    2
  0.25020202   0.00000000    -0.00558680   0.00107955     0.00558680   0.00107955
 -0.00558680  -0.00107955     0.28015605  -0.00000000    -0.00385213  -0.01616212
  0.00558680  -0.00107955    -0.00385213   0.01616212     0.28015605   0.00000000

     Dynamical  Matrix in cartesian axes

     q = (   -0.833333333   0.166666667  -0.500000000 ) 

    1    1
  0.28015605   0.00000000    -0.00385213  -0.01616212     0.00558680   0.00107955
 -0.00385213   0.01616212     0.28015605   0.00000000    -0.00558680   0.00107955
  0.00558680  -0.00107955    -0.00558680  -0.00107955     0.25020202   0.00000000
    1    2
 -0.03809665  -0.05753221    -0.02353225  -0.04075905    -0.02050212   0.11911246
 -0.02353225  -0.04075905    -0.03077603  -0.06175877    -0.11340548  -0.04180087
 -0.02050212   0.11911246    -0.11340548  -0.04180087    -0.03069121  -0.05315874
    2    1
 -0.03809665   0.05753221    -0.02353225   0.04075905    -0.02050212  -0.11911246
 -0.02353225   0.04075905    -0.03077603   0.06175877    -0.11340548   0.04180087
 -0.02050212  -0.11911246    -0.11340548   0.04180087    -0.03069121   0.05315874
    2    2
  0.28015605   0.00000000    -0.00385213   0.01616212     0.00558680  -0.00107955
 -0.00385213  -0.01616212     0.28015605   0.00000000    -0.00558680  -0.00107955
  0.00558680   0.00107955    -0.00558680   0.00107955     0.25020202   0.00000000

     Dynamical  Matrix in cartesian axes

     q = (    0.833333333  -0.500000000   0.166666667 ) 

    1    1
  0.28015605   0.00000000    -0.00558680   0.00107955     0.00385213  -0.01616212
 -0.00558680  -0.00107955     0.25020202  -0.00000000    -0.00558680   0.00107955
  0.00385213   0.01616212    -0.00558680  -0.00107955     0.28015605   0.00000000
    1    2
 -0.06887268  -0.00422656    -0.09290336   0.07731159     0.04706450   0.00000000
 -0.09290336   0.07731159    -0.06138243   0.00000000    -0.09290336  -0.07731159
  0.04706450  -0.00000000    -0.09290336  -0.07731159    -0.06887268   0.00422656
    2    1
 -0.06887268   0.00422656    -0.09290336  -0.07731159     0.04706450   0.00000000
 -0.09290336  -0.07731159    -0.06138243  -0.00000000    -0.09290336   0.07731159
  0.04706450   0.00000000    -0.09290336   0.07731159    -0.06887268  -0.00422656
    2    2
  0.28015605  -0.00000000    -0.00558680  -0.00107955     0.00385213   0.01616212
 -0.00558680   0.00107955     0.25020202   0.00000000    -0.00558680  -0.00107955
  0.00385213  -0.01616212    -0.00558680   0.00107955     0.28015605  -0.00000000

     Dynamical  Matrix in cartesian axes

     q = (    0.833333333   0.500000000  -0.166666667 ) 

    1    1
  0.28015605   0.00000000     0.00558680  -0.00107955    -0.00385213   0.01616212
  0.00558680   0.00107955     0.25020202   0.00000000    -0.00558680   0.00107955
 -0.00385213  -0.01616212    -0.00558680  -0.00107955     0.28015605   0.00000000
    1    2
 -0.03809665   0.05753221    -0.02050212  -0.11911246    -0.02353225   0.04075905
 -0.02050212  -0.11911246    -0.03069121   0.05315874    -0.11340548   0.04180087
 -0.02353225   0.04075905    -0.11340548   0.04180087    -0.03077603   0.06175877
    2    1
 -0.03809665  -0.05753221    -0.02050212   0.11911246    -0.02353225  -0.04075905
 -0.02050212   0.11911246    -0.03069121  -0.05315874    -0.11340548  -0.04180087
 -0.02353225  -0.04075905    -0.11340548  -0.04180087    -0.03077603  -0.06175877
    2    2
  0.28015605  -0.00000000     0.00558680   0.00107955    -0.00385213  -0.01616212
  0.00558680  -0.00107955     0.25020202  -0.00000000    -0.00558680  -0.00107955
 -0.00385213   0.01616212    -0.00558680   0.00107955     0.28015605  -0.00000000

     Dynamical  Matrix in cartesian axes

     q = (   -0.833333333  -0.500000000  -0.166666667 ) 

    1    1
  0.28015605   0.00000000     0.00558680  -0.00107955     0.00385213  -0.01616212
  0.00558680   0.00107955     0.25020202   0.00000000     0.00558680  -0.00107955
  0.00385213   0.01616212     0.00558680   0.00107955     0.28015605   0.00000000
    1    2
  0.06887268   0.00422656    -0.09290336   0.07731159    -0.04706450  -0.00000000
 -0.09290336   0.07731159     0.06138243   0.00000000    -0.09290336  -0.07731159
 -0.04706450  -0.00000000    -0.09290336  -0.07731159     0.06887268  -0.00422656
    2    1
  0.06887268  -0.00422656    -0.09290336  -0.07731159    -0.04706450   0.00000000
 -0.09290336  -0.07731159     0.06138243  -0.00000000    -0.09290336   0.07731159
 -0.04706450   0.00000000    -0.09290336   0.07731159     0.06887268   0.00422656
    2    2
  0.28015605  -0.00000000     0.00558680   0.00107955     0.00385213   0.01616212
  0.00558680  -0.00107955     0.25020202  -0.00000000     0.00558680   0.00107955
  0.00385213  -0.01616212     0.00558680  -0.00107955     0.28015605  -0.00000000

     Dynamical  Matrix in cartesian axes

     q = (   -0.833333333   0.500000000   0.166666667 ) 

    1    1
  0.28015605   0.00000000    -0.00558680   0.00107955    -0.00385213   0.01616212
 -0.00558680  -0.00107955     0.25020202   0.00000000     0.00558680  -0.00107955
 -0.00385213  -0.01616212     0.00558680   0.00107955     0.28015605   0.00000000
    1    2
 -0.03077603  -0.06175877    -0.11340548  -0.04180087    -0.02353225  -0.04075905
 -0.11340548  -0.04180087    -0.03069121  -0.05315874    -0.02050212   0.11911246
 -0.02353225  -0.04075905    -0.02050212   0.11911246    -0.03809665  -0.05753221
    2    1
 -0.03077603   0.06175877    -0.11340548   0.04180087    -0.02353225   0.04075905
 -0.11340548   0.04180087    -0.03069121   0.05315874    -0.02050212  -0.11911246
 -0.02353225   0.04075905    -0.02050212  -0.11911246    -0.03809665   0.05753221
    2    2
  0.28015605  -0.00000000    -0.00558680  -0.00107955    -0.00385213  -0.01616212
 -0.00558680   0.00107955     0.25020202  -0.00000000     0.00558680   0.00107955
 -0.00385213   0.01616212     0.00558680  -0.00107955     0.28015605  -0.00000000

     Dynamical  Matrix in cartesian axes

     q = (    0.166666667  -0.500000000   0.833333333 ) 

    1    1
  0.28015605  -0.00000000    -0.00558680  -0.00107955     0.00385213   0.01616212
 -0.00558680   0.00107955     0.25020202   0.00000000    -0.00558680  -0.00107955
  0.00385213  -0.01616212    -0.00558680   0.00107955     0.28015605  -0.00000000
    1    2
 -0.06887268   0.00422656    -0.09290336  -0.07731159     0.04706450  -0.00000000
 -0.09290336  -0.07731159    -0.06138243   0.00000000    -0.09290336   0.07731159
  0.04706450   0.00000000    -0.09290336   0.07731159    -0.06887268  -0.00422656
    2    1
 -0.06887268  -0.00422656    -0.09290336   0.07731159     0.04706450   0.00000000
 -0.09290336   0.07731159    -0.06138243  -0.00000000    -0.09290336  -0.07731159
  0.04706450  -0.00000000    -0.09290336  -0.07731159    -0.06887268   0.00422656
    2    2
  0.28015605   0.00000000    -0.00558680   0.00107955     0.00385213  -0.01616212
 -0.00558680  -0.00107955     0.25020202  -0.00000000    -0.00558680   0.00107955
  0.00385213   0.01616212    -0.00558680  -0.00107955     0.28015605   0.00000000

     Dynamical  Matrix in cartesian axes

     q = (   -0.166666667   0.500000000   0.833333333 ) 

    1    1
  0.28015605  -0.00000000    -0.00558680  -0.00107955    -0.00385213  -0.01616212
 -0.00558680   0.00107955     0.25020202  -0.00000000     0.00558680   0.00107955
 -0.00385213   0.01616212     0.00558680  -0.00107955     0.28015605  -0.00000000
    1    2
 -0.03077603   0.06175877    -0.11340548   0.04180087    -0.02353225   0.04075905
 -0.11340548   0.04180087    -0.03069121   0.05315874    -0.02050212  -0.11911246
 -0.02353225   0.04075905    -0.02050212  -0.11911246    -0.03809665   0.05753221
    2    1
 -0.03077603  -0.06175877    -0.11340548  -0.04180087    -0.02353225  -0.04075905
 -0.11340548  -0.04180087    -0.03069121  -0.05315874    -0.02050212   0.11911246
 -0.02353225  -0.04075905    -0.02050212   0.11911246    -0.03809665  -0.05753221
    2    2
  0.28015605   0.00000000    -0.00558680   0.00107955    -0.00385213   0.01616212
 -0.00558680  -0.00107955     0.25020202   0.00000000     0.00558680  -0.00107955
 -0.00385213  -0.01616212     0.00558680   0.00107955     0.28015605   0.00000000

     Dynamical  Matrix in cartesian axes

     q = (    0.166666667   0.500000000  -0.833333333 ) 

    1    1
  0.28015605  -0.00000000     0.00558680   0.00107955    -0.00385213  -0.01616212
  0.00558680  -0.00107955     0.25020202  -0.00000000    -0.00558680  -0.00107955
 -0.00385213   0.01616212    -0.00558680   0.00107955     0.28015605  -0.00000000
    1    2
 -0.03809665  -0.05753221    -0.02050212   0.11911246    -0.02353225  -0.04075905
 -0.02050212   0.11911246    -0.03069121  -0.05315874    -0.11340548  -0.04180087
 -0.02353225  -0.04075905    -0.11340548  -0.04180087    -0.03077603  -0.06175877
    2    1
 -0.03809665   0.05753221    -0.02050212  -0.11911246    -0.02353225   0.04075905
 -0.02050212  -0.11911246    -0.03069121   0.05315874    -0.11340548   0.04180087
 -0.02353225   0.04075905    -0.11340548   0.04180087    -0.03077603   0.06175877
    2    2
  0.28015605   0.00000000     0.00558680  -0.00107955    -0.00385213   0.01616212
  0.00558680   0.00107955     0.25020202   0.00000000    -0.00558680   0.00107955
 -0.00385213  -0.01616212    -0.00558680  -0.00107955     0.28015605   0.00000000

     Dynamical  Matrix in cartesian axes

     q = (   -0.166666667  -0.500000000  -0.833333333 ) 

    1    1
  0.28015605  -0.00000000     0.00558680   0.00107955     0.00385213   0.01616212
  0.00558680  -0.00107955     0.25020202  -0.00000000     0.00558680   0.00107955
  0.00385213  -0.01616212     0.00558680  -0.00107955     0.28015605  -0.00000000
    1    2
  0.06887268  -0.00422656    -0.09290336  -0.07731159    -0.04706450  -0.00000000
 -0.09290336  -0.07731159     0.06138243   0.00000000    -0.09290336   0.07731159
 -0.04706450  -0.00000000    -0.09290336   0.07731159     0.06887268   0.00422656
    2    1
  0.06887268   0.00422656    -0.09290336   0.07731159    -0.04706450   0.00000000
 -0.09290336   0.07731159     0.06138243  -0.00000000    -0.09290336  -0.07731159
 -0.04706450   0.00000000    -0.09290336  -0.07731159     0.06887268  -0.00422656
    2    2
  0.28015605   0.00000000     0.00558680  -0.00107955     0.00385213  -0.01616212
  0.00558680   0.00107955     0.25020202   0.00000000     0.00558680  -0.00107955
  0.00385213   0.01616212     0.00558680   0.00107955     0.28015605   0.00000000

     Dynamical  Matrix in cartesian axes

     q = (   -0.500000000   0.833333333   0.166666667 ) 

    1    1
  0.25020202   0.00000000    -0.00558680  -0.00107955    -0.00558680   0.00107955
 -0.00558680   0.00107955     0.28015605   0.00000000     0.00385213  -0.01616212
 -0.00558680  -0.00107955     0.00385213   0.01616212     0.28015605   0.00000000
    1    2
 -0.06138243  -0.00000000    -0.09290336   0.07731159    -0.09290336  -0.07731159
 -0.09290336   0.07731159    -0.06887268  -0.00422656     0.04706450   0.00000000
 -0.09290336  -0.07731159     0.04706450   0.00000000    -0.06887268   0.00422656
    2    1
 -0.06138243   0.00000000    -0.09290336  -0.07731159    -0.09290336   0.07731159
 -0.09290336  -0.07731159    -0.06887268   0.00422656     0.04706450  -0.00000000
 -0.09290336   0.07731159     0.04706450  -0.00000000    -0.06887268  -0.00422656
    2    2
  0.25020202  -0.00000000    -0.00558680   0.00107955    -0.00558680  -0.00107955
 -0.00558680  -0.00107955     0.28015605  -0.00000000     0.00385213   0.01616212
 -0.00558680   0.00107955     0.00385213  -0.01616212     0.28015605  -0.00000000

     Diagonalizing the dynamical matrix

     q = (    0.500000000  -0.166666667   0.833333333 ) 

 **************************************************************************
     freq (    1) =       5.158354 [THz] =     172.064171 [cm-1]
 ( -0.061455  0.567515 -0.147543  0.255551 -0.089418 -0.281211 ) 
 ( -0.522210  0.230536 -0.198827  0.218043  0.295085  0.000000 ) 
     freq (    2) =       6.215510 [THz] =     207.327106 [cm-1]
 (  0.253257  0.286027  0.210372 -0.364374  0.387166 -0.164704 ) 
 (  0.121078 -0.362340  0.336220  0.252944  0.420743  0.000000 ) 
     freq (    3) =       9.823113 [THz] =     327.663786 [cm-1]
 (  0.266701 -0.121635 -0.227507  0.394054  0.446704  0.086564 ) 
 ( -0.238689 -0.170152  0.148385  0.430139 -0.455014  0.000000 ) 
     freq (    4) =      11.380610 [THz] =     379.616295 [cm-1]
 (  0.211323 -0.083033 -0.236762  0.410083  0.452595  0.139220 ) 
 (  0.177570  0.141494 -0.105730 -0.461568  0.473523  0.000000 ) 
     freq (    5) =      13.917984 [THz] =     464.253987 [cm-1]
 ( -0.043456  0.515982 -0.170248  0.294878 -0.118531 -0.319199 ) 
 (  0.468581 -0.220357  0.217169 -0.262250 -0.340496  0.000000 ) 
     freq (    6) =      14.156260 [THz] =     472.201994 [cm-1]
 ( -0.188610 -0.294999 -0.217199  0.376199 -0.432619  0.039267 ) 
 (  0.161172 -0.310841  0.250316  0.355025  0.434397  0.000000 ) 
 **************************************************************************
