Dynamical matrix file
phonons of Si                                                              
  1    2   2  10.2000000   0.0000000   0.0000000   0.0000000   0.0000000   0.0000000
           1  'Si  '    25598.823011949724     
    1    1      0.0000000000      0.0000000000      0.0000000000
    2    1      0.2500000000      0.2500000000      0.2500000000

     Dynamical  Matrix in cartesian axes

     q = (   -0.166666667   0.166666667  -0.166666667 ) 

    1    1
  0.27885316   0.00000000    -0.00690514   0.00000000     0.00690514   0.00000000
 -0.00690514   0.00000000     0.27885316   0.00000000    -0.00690514   0.00000000
  0.00690514   0.00000000    -0.00690514   0.00000000     0.27885316   0.00000000
    1    2
 -0.24074982  -0.05609588    -0.01859025   0.03486405     0.01859025  -0.03486405
 -0.01859025   0.03486405    -0.24074982  -0.05609588    -0.01859025   0.03486405
  0.01859025  -0.03486405    -0.01859025   0.03486405    -0.24074982  -0.05609588
    2    1
 -0.24074982   0.05609588    -0.01859025  -0.03486405     0.01859025   0.03486405
 -0.01859025  -0.03486405    -0.24074982   0.05609588    -0.01859025  -0.03486405
  0.01859025   0.03486405    -0.01859025  -0.03486405    -0.24074982   0.05609588
    2    2
  0.27885316   0.00000000    -0.00690514   0.00000000     0.00690514   0.00000000
 -0.00690514   0.00000000     0.27885316   0.00000000    -0.00690514   0.00000000
  0.00690514   0.00000000    -0.00690514   0.00000000     0.27885316   0.00000000

     Dynamical  Matrix in cartesian axes

     q = (    0.166666667   0.166666667   0.166666667 ) 

    1    1
  0.27885316   0.00000000     0.00690514   0.00000000     0.00690514   0.00000000
  0.00690514   0.00000000     0.27885316   0.00000000     0.00690514   0.00000000
  0.00690514   0.00000000     0.00690514   0.00000000     0.27885316   0.00000000
    1    2
 -0.16895537   0.18044753    -0.02089803  -0.03353165    -0.02089803  -0.03353165
 -0.02089803  -0.03353165    -0.16895537   0.18044753    -0.02089803  -0.03353165
 -0.02089803  -0.03353165    -0.02089803  -0.03353165    -0.16895537   0.18044753
    2    1
 -0.16895537  -0.18044753    -0.02089803   0.03353165    -0.02089803   0.03353165
 -0.02089803   0.03353165    -0.16895537  -0.18044753    -0.02089803   0.03353165
 -0.02089803   0.03353165    -0.02089803   0.03353165    -0.16895537  -0.18044753
    2    2
  0.27885316   0.00000000     0.00690514   0.00000000     0.00690514   0.00000000
  0.00690514   0.00000000     0.27885316   0.00000000     0.00690514   0.00000000
  0.00690514   0.00000000     0.00690514   0.00000000     0.27885316   0.00000000

     Dynamical  Matrix in cartesian axes

     q = (   -0.166666667  -0.166666667  -0.166666667 ) 

    1    1
  0.27885316   0.00000000     0.00690514   0.00000000     0.00690514   0.00000000
  0.00690514   0.00000000     0.27885316   0.00000000     0.00690514   0.00000000
  0.00690514   0.00000000     0.00690514   0.00000000     0.27885316   0.00000000
    1    2
 -0.16895537  -0.18044753    -0.02089803   0.03353165    -0.02089803   0.03353165
 -0.02089803   0.03353165    -0.16895537  -0.18044753    -0.02089803   0.03353165
 -0.02089803   0.03353165    -0.02089803   0.03353165    -0.16895537  -0.18044753
    2    1
 -0.16895537   0.18044753    -0.02089803  -0.03353165    -0.02089803  -0.03353165
 -0.02089803  -0.03353165    -0.16895537   0.18044753    -0.02089803  -0.03353165
 -0.02089803  -0.03353165    -0.02089803  -0.03353165    -0.16895537   0.18044753
    2    2
  0.27885316   0.00000000     0.00690514   0.00000000     0.00690514   0.00000000
  0.00690514   0.00000000     0.27885316   0.00000000     0.00690514   0.00000000
  0.00690514   0.00000000     0.00690514   0.00000000     0.27885316   0.00000000

     Dynamical  Matrix in cartesian axes

     q = (    0.166666667  -0.166666667   0.166666667 ) 

    1    1
  0.27885316   0.00000000    -0.00690514   0.00000000     0.00690514   0.00000000
 -0.00690514   0.00000000     0.27885316   0.00000000    -0.00690514   0.00000000
  0.00690514   0.00000000    -0.00690514   0.00000000     0.27885316   0.00000000
    1    2
 -0.24074982   0.05609588    -0.01859025  -0.03486405     0.01859025   0.03486405
 -0.01859025  -0.03486405    -0.24074982   0.05609588    -0.01859025  -0.03486405
  0.01859025   0.03486405    -0.01859025  -0.03486405    -0.24074982   0.05609588
    2    1
 -0.24074982  -0.05609588    -0.01859025   0.03486405     0.01859025  -0.03486405
 -0.01859025   0.03486405    -0.24074982  -0.05609588    -0.01859025   0.03486405
  0.01859025  -0.03486405    -0.01859025   0.03486405    -0.24074982  -0.05609588
    2    2
  0.27885316   0.00000000    -0.00690514   0.00000000     0.00690514   0.00000000
 -0.00690514   0.00000000     0.27885316   0.00000000    -0.00690514   0.00000000
  0.00690514   0.00000000    -0.00690514   0.00000000     0.27885316   0.00000000

     Dynamical  Matrix in cartesian axes

     q = (    0.166666667  -0.166666667  -0.166666667 ) 

    1    1
  0.27885316   0.00000000    -0.00690514   0.00000000    -0.00690514   0.00000000
 -0.00690514   0.00000000     0.27885316   0.00000000     0.00690514   0.00000000
 -0.00690514   0.00000000     0.00690514   0.00000000     0.27885316   0.00000000
    1    2
 -0.24074982  -0.05609588    -0.01859025   0.03486405    -0.01859025   0.03486405
 -0.01859025   0.03486405    -0.24074982  -0.05609588     0.01859025  -0.03486405
 -0.01859025   0.03486405     0.01859025  -0.03486405    -0.24074982  -0.05609588
    2    1
 -0.24074982   0.05609588    -0.01859025  -0.03486405    -0.01859025  -0.03486405
 -0.01859025  -0.03486405    -0.24074982   0.05609588     0.01859025   0.03486405
 -0.01859025  -0.03486405     0.01859025   0.03486405    -0.24074982   0.05609588
    2    2
  0.27885316   0.00000000    -0.00690514   0.00000000    -0.00690514   0.00000000
 -0.00690514   0.00000000     0.27885316   0.00000000     0.00690514   0.00000000
 -0.00690514   0.00000000     0.00690514   0.00000000     0.27885316   0.00000000

     Dynamical  Matrix in cartesian axes

     q = (    0.166666667   0.166666667  -0.166666667 ) 

    1    1
  0.27885316   0.00000000     0.00690514   0.00000000    -0.00690514   0.00000000
  0.00690514   0.00000000     0.27885316   0.00000000    -0.00690514   0.00000000
 -0.00690514   0.00000000    -0.00690514   0.00000000     0.27885316   0.00000000
    1    2
 -0.24074982   0.05609588     0.01859025   0.03486405    -0.01859025  -0.03486405
  0.01859025   0.03486405    -0.24074982   0.05609588    -0.01859025  -0.03486405
 -0.01859025  -0.03486405    -0.01859025  -0.03486405    -0.24074982   0.05609588
    2    1
 -0.24074982  -0.05609588     0.01859025  -0.03486405    -0.01859025   0.03486405
  0.01859025  -0.03486405    -0.24074982  -0.05609588    -0.01859025   0.03486405
 -0.01859025   0.03486405    -0.01859025   0.03486405    -0.24074982  -0.05609588
    2    2
  0.27885316   0.00000000     0.00690514   0.00000000    -0.00690514   0.00000000
  0.00690514   0.00000000     0.27885316   0.00000000    -0.00690514   0.00000000
 -0.00690514   0.00000000    -0.00690514   0.00000000     0.27885316   0.00000000

     Dynamical  Matrix in cartesian axes

     q = (   -0.166666667  -0.166666667   0.166666667 ) 

    1    1
  0.27885316   0.00000000     0.00690514   0.00000000    -0.00690514   0.00000000
  0.00690514   0.00000000     0.27885316   0.00000000    -0.00690514   0.00000000
 -0.00690514   0.00000000    -0.00690514   0.00000000     0.27885316   0.00000000
    1    2
 -0.24074982  -0.05609588     0.01859025  -0.03486405    -0.01859025   0.03486405
  0.01859025  -0.03486405    -0.24074982  -0.05609588    -0.01859025   0.03486405
 -0.01859025   0.03486405    -0.01859025   0.03486405    -0.24074982  -0.05609588
    2    1
 -0.24074982   0.05609588     0.01859025   0.03486405    -0.01859025  -0.03486405
  0.01859025   0.03486405    -0.24074982   0.05609588    -0.01859025  -0.03486405
 -0.01859025  -0.03486405    -0.01859025  -0.03486405    -0.24074982   0.05609588
    2    2
  0.27885316   0.00000000     0.00690514   0.00000000    -0.00690514   0.00000000
  0.00690514   0.00000000     0.27885316   0.00000000    -0.00690514   0.00000000
 -0.00690514   0.00000000    -0.00690514   0.00000000     0.27885316   0.00000000

     Dynamical  Matrix in cartesian axes

     q = (   -0.166666667   0.166666667   0.166666667 ) 

    1    1
  0.27885316   0.00000000    -0.00690514   0.00000000    -0.00690514   0.00000000
 -0.00690514   0.00000000     0.27885316   0.00000000     0.00690514   0.00000000
 -0.00690514   0.00000000     0.00690514   0.00000000     0.27885316   0.00000000
    1    2
 -0.24074982   0.05609588    -0.01859025  -0.03486405    -0.01859025  -0.03486405
 -0.01859025  -0.03486405    -0.24074982   0.05609588     0.01859025   0.03486405
 -0.01859025  -0.03486405     0.01859025   0.03486405    -0.24074982   0.05609588
    2    1
 -0.24074982  -0.05609588    -0.01859025   0.03486405    -0.01859025   0.03486405
 -0.01859025   0.03486405    -0.24074982  -0.05609588     0.01859025  -0.03486405
 -0.01859025   0.03486405     0.01859025  -0.03486405    -0.24074982  -0.05609588
    2    2
  0.27885316   0.00000000    -0.00690514   0.00000000    -0.00690514   0.00000000
 -0.00690514   0.00000000     0.27885316   0.00000000     0.00690514   0.00000000
 -0.00690514   0.00000000     0.00690514   0.00000000     0.27885316   0.00000000

     Diagonalizing the dynamical matrix

     q = (   -0.166666667   0.166666667  -0.166666667 ) 

 **************************************************************************
     freq (    1) =       2.227945 [THz] =      74.316248 [cm-1]
 ( -0.267184  0.063480 -0.573356  0.038414 -0.306172 -0.025066 ) 
 ( -0.261114  0.085070 -0.568310  0.085070 -0.307196  0.000000 ) 
     freq (    2) =       2.227945 [THz] =      74.316248 [cm-1]
 (  0.507711 -0.012073  0.020502 -0.051960 -0.487209 -0.039887 ) 
 (  0.505033 -0.053460  0.016194 -0.053460 -0.488839  0.000000 ) 
     freq (    3) =       4.749215 [THz] =     158.416763 [cm-1]
 ( -0.347268 -0.214643  0.347268  0.214643 -0.347268 -0.214643 ) 
 ( -0.408248 -0.000000  0.408248  0.000000 -0.408248  0.000000 ) 
     freq (    4) =      14.997278 [THz] =     500.255359 [cm-1]
 ( -0.347268 -0.214643  0.347268  0.214643 -0.347268 -0.214643 ) 
 (  0.408248 -0.000000 -0.408248 -0.000000  0.408248  0.000000 ) 
     freq (    5) =      14.999764 [THz] =     500.338263 [cm-1]
 (  0.419505 -0.013810 -0.129627 -0.058767 -0.549133 -0.044957 ) 
 ( -0.416980  0.047994  0.133990  0.047994  0.550970  0.000000 ) 
     freq (    6) =      14.999764 [THz] =     500.338263 [cm-1]
 ( -0.376891  0.122927 -0.548843  0.108849 -0.171952 -0.014077 ) 
 (  0.365604 -0.153270  0.538131 -0.153270  0.172527  0.000000 ) 
 **************************************************************************
