Dynamical matrix file
phonons of Si                                                              
  1    2   2  10.2000000   0.0000000   0.0000000   0.0000000   0.0000000   0.0000000
           1  'Si  '    25598.823011949724     
    1    1      0.0000000000      0.0000000000      0.0000000000
    2    1      0.2500000000      0.2500000000      0.2500000000

     Dynamical  Matrix in cartesian axes

     q = (    0.000000000   0.333333333   0.000000000 ) 

    1    1
  0.26301617   0.00000000     0.00000000   0.00000000    -0.00000000   0.00000000
  0.00000000   0.00000000     0.29934985   0.00000000    -0.00000000   0.00000000
 -0.00000000   0.00000000    -0.00000000   0.00000000     0.26301617   0.00000000
    1    2
 -0.19660511   0.11351001     0.00000000   0.00000000    -0.04185687  -0.07249823
  0.00000000  -0.00000000    -0.20898014   0.12065474     0.00000000   0.00000000
 -0.04185687  -0.07249823     0.00000000   0.00000000    -0.19660511   0.11351001
    2    1
 -0.19660511  -0.11351001     0.00000000  -0.00000000    -0.04185687   0.07249823
  0.00000000   0.00000000    -0.20898014  -0.12065474     0.00000000  -0.00000000
 -0.04185687   0.07249823     0.00000000  -0.00000000    -0.19660511  -0.11351001
    2    2
  0.26301617   0.00000000     0.00000000   0.00000000    -0.00000000   0.00000000
  0.00000000   0.00000000     0.29934985   0.00000000    -0.00000000   0.00000000
 -0.00000000   0.00000000    -0.00000000   0.00000000     0.26301617   0.00000000

     Dynamical  Matrix in cartesian axes

     q = (    0.333333333   0.000000000   0.000000000 ) 

    1    1
  0.29934985   0.00000000     0.00000000   0.00000000     0.00000000   0.00000000
  0.00000000   0.00000000     0.26301617   0.00000000     0.00000000   0.00000000
  0.00000000   0.00000000     0.00000000   0.00000000     0.26301617   0.00000000
    1    2
 -0.20898014   0.12065474     0.00000000  -0.00000000     0.00000000  -0.00000000
  0.00000000  -0.00000000    -0.19660511   0.11351001    -0.04185687  -0.07249823
 -0.00000000   0.00000000    -0.04185687  -0.07249823    -0.19660511   0.11351001
    2    1
 -0.20898014  -0.12065474     0.00000000   0.00000000    -0.00000000   0.00000000
 -0.00000000   0.00000000    -0.19660511  -0.11351001    -0.04185687   0.07249823
  0.00000000  -0.00000000    -0.04185687   0.07249823    -0.19660511  -0.11351001
    2    2
  0.29934985   0.00000000     0.00000000   0.00000000     0.00000000   0.00000000
  0.00000000   0.00000000     0.26301617   0.00000000     0.00000000   0.00000000
  0.00000000   0.00000000     0.00000000   0.00000000     0.26301617   0.00000000

     Dynamical  Matrix in cartesian axes

     q = (    0.000000000   0.000000000   0.333333333 ) 

    1    1
  0.26301617   0.00000000    -0.00000000   0.00000000     0.00000000   0.00000000
 -0.00000000   0.00000000     0.26301617   0.00000000    -0.00000000   0.00000000
  0.00000000   0.00000000    -0.00000000   0.00000000     0.29934985   0.00000000
    1    2
 -0.19660511   0.11351001    -0.04185687  -0.07249823    -0.00000000   0.00000000
 -0.04185687  -0.07249823    -0.19660511   0.11351001     0.00000000   0.00000000
  0.00000000   0.00000000    -0.00000000   0.00000000    -0.20898014   0.12065474
    2    1
 -0.19660511  -0.11351001    -0.04185687   0.07249823    -0.00000000  -0.00000000
 -0.04185687   0.07249823    -0.19660511  -0.11351001     0.00000000   0.00000000
 -0.00000000   0.00000000     0.00000000   0.00000000    -0.20898014  -0.12065474
    2    2
  0.26301617   0.00000000    -0.00000000   0.00000000     0.00000000   0.00000000
 -0.00000000   0.00000000     0.26301617   0.00000000    -0.00000000   0.00000000
  0.00000000   0.00000000    -0.00000000   0.00000000     0.29934985   0.00000000

     Dynamical  Matrix in cartesian axes

     q = (    0.000000000  -0.333333333   0.000000000 ) 

    1    1
  0.26301617   0.00000000     0.00000000   0.00000000    -0.00000000   0.00000000
  0.00000000   0.00000000     0.29934985   0.00000000    -0.00000000   0.00000000
 -0.00000000   0.00000000    -0.00000000   0.00000000     0.26301617   0.00000000
    1    2
 -0.19660511  -0.11351001     0.00000000  -0.00000000    -0.04185687   0.07249823
  0.00000000   0.00000000    -0.20898014  -0.12065474     0.00000000   0.00000000
 -0.04185687   0.07249823     0.00000000  -0.00000000    -0.19660511  -0.11351001
    2    1
 -0.19660511   0.11351001     0.00000000  -0.00000000    -0.04185687  -0.07249823
  0.00000000   0.00000000    -0.20898014   0.12065474    -0.00000000  -0.00000000
 -0.04185687  -0.07249823     0.00000000  -0.00000000    -0.19660511   0.11351001
    2    2
  0.26301617   0.00000000     0.00000000   0.00000000    -0.00000000   0.00000000
  0.00000000   0.00000000     0.29934985   0.00000000    -0.00000000   0.00000000
 -0.00000000   0.00000000    -0.00000000   0.00000000     0.26301617   0.00000000

     Dynamical  Matrix in cartesian axes

     q = (   -0.333333333   0.000000000   0.000000000 ) 

    1    1
  0.29934985   0.00000000     0.00000000   0.00000000     0.00000000   0.00000000
  0.00000000   0.00000000     0.26301617   0.00000000     0.00000000   0.00000000
  0.00000000   0.00000000     0.00000000   0.00000000     0.26301617   0.00000000
    1    2
 -0.20898014  -0.12065474     0.00000000   0.00000000     0.00000000   0.00000000
  0.00000000   0.00000000    -0.19660511  -0.11351001    -0.04185687   0.07249823
  0.00000000  -0.00000000    -0.04185687   0.07249823    -0.19660511  -0.11351001
    2    1
 -0.20898014   0.12065474     0.00000000  -0.00000000    -0.00000000  -0.00000000
 -0.00000000  -0.00000000    -0.19660511   0.11351001    -0.04185687  -0.07249823
  0.00000000  -0.00000000    -0.04185687  -0.07249823    -0.19660511   0.11351001
    2    2
  0.29934985   0.00000000     0.00000000   0.00000000     0.00000000   0.00000000
  0.00000000   0.00000000     0.26301617   0.00000000     0.00000000   0.00000000
  0.00000000   0.00000000     0.00000000   0.00000000     0.26301617   0.00000000

     Dynamical  Matrix in cartesian axes

     q = (    0.000000000   0.000000000  -0.333333333 ) 

    1    1
  0.26301617   0.00000000    -0.00000000   0.00000000     0.00000000   0.00000000
 -0.00000000   0.00000000     0.26301617   0.00000000     0.00000000   0.00000000
  0.00000000   0.00000000     0.00000000   0.00000000     0.29934985   0.00000000
    1    2
 -0.19660511  -0.11351001    -0.04185687   0.07249823    -0.00000000  -0.00000000
 -0.04185687   0.07249823    -0.19660511  -0.11351001    -0.00000000  -0.00000000
  0.00000000   0.00000000     0.00000000   0.00000000    -0.20898014  -0.12065474
    2    1
 -0.19660511   0.11351001    -0.04185687  -0.07249823    -0.00000000  -0.00000000
 -0.04185687  -0.07249823    -0.19660511   0.11351001    -0.00000000  -0.00000000
  0.00000000   0.00000000    -0.00000000   0.00000000    -0.20898014   0.12065474
    2    2
  0.26301617   0.00000000    -0.00000000   0.00000000     0.00000000   0.00000000
 -0.00000000   0.00000000     0.26301617   0.00000000    -0.00000000   0.00000000
  0.00000000   0.00000000    -0.00000000   0.00000000     0.29934985   0.00000000

     Diagonalizing the dynamical matrix

     q = (    0.000000000   0.333333333   0.000000000 ) 

 **************************************************************************
     freq (    1) =       2.983487 [THz] =      99.518398 [cm-1]
 ( -0.178375 -0.241273  0.000000 -0.000000 -0.560640  0.309277 ) 
 ( -0.036068 -0.058241  0.000000 -0.000000 -0.703781  0.000000 ) 
     freq (    2) =       2.983487 [THz] =      99.518398 [cm-1]
 ( -0.569922 -0.291819 -0.000000 -0.000000  0.170840 -0.246666 ) 
 ( -0.370541 -0.598337 -0.000000 -0.000000  0.068505  0.000000 ) 
     freq (    3) =       4.953705 [THz] =     165.237797 [cm-1]
 (  0.000000 -0.000000 -0.624508  0.331647 -0.000000  0.000000 ) 
 (  0.000000 -0.000000 -0.706663 -0.025040 -0.000000  0.000000 ) 
     freq (    4) =      14.611734 [THz] =     487.394986 [cm-1]
 (  0.139954  0.329221  0.000000 -0.000000  0.520038 -0.318727 ) 
 (  0.046264 -0.122209 -0.000000 -0.000000 -0.694928  0.000000 ) 
     freq (    5) =      14.611734 [THz] =     487.394986 [cm-1]
 ( -0.082369 -0.604352  0.000000 -0.000000  0.343470 -0.100011 ) 
 ( -0.246037  0.649916 -0.000000 -0.000000 -0.130673  0.000000 ) 
     freq (    6) =      15.119133 [THz] =     504.319994 [cm-1]
 (  0.000000 -0.000000 -0.639328  0.302092  0.000000 -0.000000 ) 
 ( -0.000000  0.000000  0.704720  0.058044 -0.000000  0.000000 ) 
 **************************************************************************
