Dynamical matrix file
phonons of Si                                                              
  1    2   2  10.2000000   0.0000000   0.0000000   0.0000000   0.0000000   0.0000000
           1  'Si  '    25598.823011949724     
    1    1      0.0000000000      0.0000000000      0.0000000000
    2    1      0.2500000000      0.2500000000      0.2500000000

     Dynamical  Matrix in cartesian axes

     q = (    0.833333333  -0.166666667   0.833333333 ) 

    1    1
  0.24898371   0.00000000    -0.00303130   0.00803034     0.00378138   0.00000000
 -0.00303130  -0.00803034     0.32583743   0.00000000    -0.00303130  -0.00803034
  0.00378138   0.00000000    -0.00303130   0.00803034     0.24898371   0.00000000
    1    2
 -0.03010288   0.05418060    -0.02013897   0.03684551    -0.12049676  -0.12811676
 -0.02013897   0.03684551    -0.02397434   0.06725228    -0.02013897   0.03684551
 -0.12049676  -0.12811676    -0.02013897   0.03684551    -0.03010288   0.05418060
    2    1
 -0.03010288  -0.05418060    -0.02013897  -0.03684551    -0.12049676   0.12811676
 -0.02013897  -0.03684551    -0.02397434  -0.06725228    -0.02013897  -0.03684551
 -0.12049676   0.12811676    -0.02013897  -0.03684551    -0.03010288  -0.05418060
    2    2
  0.24898371   0.00000000    -0.00303130  -0.00803034     0.00378138   0.00000000
 -0.00303130   0.00803034     0.32583743   0.00000000    -0.00303130   0.00803034
  0.00378138   0.00000000    -0.00303130  -0.00803034     0.24898371   0.00000000

     Dynamical  Matrix in cartesian axes

     q = (   -0.833333333  -0.166666667   0.833333333 ) 

    1    1
  0.24898371   0.00000000     0.00303130   0.00803034    -0.00378138   0.00000000
  0.00303130  -0.00803034     0.32583743   0.00000000    -0.00303130   0.00803034
 -0.00378138   0.00000000    -0.00303130  -0.00803034     0.24898371   0.00000000
    1    2
 -0.03187034   0.05316015     0.02183966  -0.03586361    -0.17120075  -0.04029488
  0.02183966  -0.03586361    -0.04625502   0.05438852    -0.02183966   0.03586361
 -0.17120075  -0.04029488    -0.02183966   0.03586361    -0.03187034   0.05316015
    2    1
 -0.03187034  -0.05316015     0.02183966   0.03586361    -0.17120075   0.04029488
  0.02183966   0.03586361    -0.04625502  -0.05438852    -0.02183966  -0.03586361
 -0.17120075   0.04029488    -0.02183966  -0.03586361    -0.03187034  -0.05316015
    2    2
  0.24898371   0.00000000     0.00303130  -0.00803034    -0.00378138   0.00000000
  0.00303130   0.00803034     0.32583743   0.00000000    -0.00303130  -0.00803034
 -0.00378138   0.00000000    -0.00303130   0.00803034     0.24898371   0.00000000

     Dynamical  Matrix in cartesian axes

     q = (    0.833333333  -0.166666667  -0.833333333 ) 

    1    1
  0.24898371   0.00000000    -0.00303130  -0.00803034    -0.00378138   0.00000000
 -0.00303130   0.00803034     0.32583743   0.00000000     0.00303130  -0.00803034
 -0.00378138   0.00000000     0.00303130   0.00803034     0.24898371   0.00000000
    1    2
 -0.03187034   0.05316015    -0.02183966   0.03586361    -0.17120075  -0.04029488
 -0.02183966   0.03586361    -0.04625502   0.05438852     0.02183966  -0.03586361
 -0.17120075  -0.04029488     0.02183966  -0.03586361    -0.03187034   0.05316015
    2    1
 -0.03187034  -0.05316015    -0.02183966  -0.03586361    -0.17120075   0.04029488
 -0.02183966  -0.03586361    -0.04625502  -0.05438852     0.02183966   0.03586361
 -0.17120075   0.04029488     0.02183966   0.03586361    -0.03187034  -0.05316015
    2    2
  0.24898371   0.00000000    -0.00303130   0.00803034    -0.00378138   0.00000000
 -0.00303130  -0.00803034     0.32583743   0.00000000     0.00303130   0.00803034
 -0.00378138   0.00000000     0.00303130  -0.00803034     0.24898371   0.00000000

     Dynamical  Matrix in cartesian axes

     q = (   -0.833333333  -0.166666667  -0.833333333 ) 

    1    1
  0.24898371   0.00000000     0.00303130  -0.00803034     0.00378138   0.00000000
  0.00303130   0.00803034     0.32583743   0.00000000     0.00303130   0.00803034
  0.00378138   0.00000000     0.00303130  -0.00803034     0.24898371   0.00000000
    1    2
  0.03187034   0.05316015    -0.02183966  -0.03586361    -0.17120075   0.04029488
 -0.02183966  -0.03586361     0.04625502   0.05438852    -0.02183966  -0.03586361
 -0.17120075   0.04029488    -0.02183966  -0.03586361     0.03187034   0.05316015
    2    1
  0.03187034  -0.05316015    -0.02183966   0.03586361    -0.17120075  -0.04029488
 -0.02183966   0.03586361     0.04625502  -0.05438852    -0.02183966   0.03586361
 -0.17120075  -0.04029488    -0.02183966   0.03586361     0.03187034  -0.05316015
    2    2
  0.24898371   0.00000000     0.00303130   0.00803034     0.00378138   0.00000000
  0.00303130  -0.00803034     0.32583743   0.00000000     0.00303130  -0.00803034
  0.00378138   0.00000000     0.00303130   0.00803034     0.24898371   0.00000000

     Dynamical  Matrix in cartesian axes

     q = (   -0.166666667   0.833333333  -0.833333333 ) 

    1    1
  0.32583743   0.00000000    -0.00303130   0.00803034     0.00303130  -0.00803034
 -0.00303130  -0.00803034     0.24898371   0.00000000    -0.00378138   0.00000000
  0.00303130   0.00803034    -0.00378138   0.00000000     0.24898371   0.00000000
    1    2
 -0.04625502   0.05438852    -0.02183966   0.03586361     0.02183966  -0.03586361
 -0.02183966   0.03586361    -0.03187034   0.05316015    -0.17120075  -0.04029488
  0.02183966  -0.03586361    -0.17120075  -0.04029488    -0.03187034   0.05316015
    2    1
 -0.04625502  -0.05438852    -0.02183966  -0.03586361     0.02183966   0.03586361
 -0.02183966  -0.03586361    -0.03187034  -0.05316015    -0.17120075   0.04029488
  0.02183966   0.03586361    -0.17120075   0.04029488    -0.03187034  -0.05316015
    2    2
  0.32583743   0.00000000    -0.00303130  -0.00803034     0.00303130   0.00803034
 -0.00303130   0.00803034     0.24898371   0.00000000    -0.00378138   0.00000000
  0.00303130  -0.00803034    -0.00378138   0.00000000     0.24898371   0.00000000

     Dynamical  Matrix in cartesian axes

     q = (   -0.833333333   0.833333333  -0.166666667 ) 

    1    1
  0.24898371   0.00000000    -0.00378138   0.00000000     0.00303130   0.00803034
 -0.00378138   0.00000000     0.24898371   0.00000000    -0.00303130  -0.00803034
  0.00303130  -0.00803034    -0.00303130   0.00803034     0.32583743   0.00000000
    1    2
 -0.03187034   0.05316015    -0.17120075  -0.04029488     0.02183966  -0.03586361
 -0.17120075  -0.04029488    -0.03187034   0.05316015    -0.02183966   0.03586361
  0.02183966  -0.03586361    -0.02183966   0.03586361    -0.04625502   0.05438852
    2    1
 -0.03187034  -0.05316015    -0.17120075   0.04029488     0.02183966   0.03586361
 -0.17120075   0.04029488    -0.03187034  -0.05316015    -0.02183966  -0.03586361
  0.02183966   0.03586361    -0.02183966  -0.03586361    -0.04625502  -0.05438852
    2    2
  0.24898371   0.00000000    -0.00378138   0.00000000     0.00303130  -0.00803034
 -0.00378138   0.00000000     0.24898371   0.00000000    -0.00303130   0.00803034
  0.00303130   0.00803034    -0.00303130  -0.00803034     0.32583743   0.00000000

     Dynamical  Matrix in cartesian axes

     q = (    0.833333333   0.166666667   0.833333333 ) 

    1    1
  0.24898371   0.00000000     0.00303130   0.00803034     0.00378138   0.00000000
  0.00303130  -0.00803034     0.32583743   0.00000000     0.00303130  -0.00803034
  0.00378138   0.00000000     0.00303130   0.00803034     0.24898371   0.00000000
    1    2
  0.03187034  -0.05316015    -0.02183966   0.03586361    -0.17120075  -0.04029488
 -0.02183966   0.03586361     0.04625502  -0.05438852    -0.02183966   0.03586361
 -0.17120075  -0.04029488    -0.02183966   0.03586361     0.03187034  -0.05316015
    2    1
  0.03187034   0.05316015    -0.02183966  -0.03586361    -0.17120075   0.04029488
 -0.02183966  -0.03586361     0.04625502   0.05438852    -0.02183966  -0.03586361
 -0.17120075   0.04029488    -0.02183966  -0.03586361     0.03187034   0.05316015
    2    2
  0.24898371   0.00000000     0.00303130  -0.00803034     0.00378138   0.00000000
  0.00303130   0.00803034     0.32583743   0.00000000     0.00303130   0.00803034
  0.00378138   0.00000000     0.00303130  -0.00803034     0.24898371   0.00000000

     Dynamical  Matrix in cartesian axes

     q = (   -0.833333333   0.166666667   0.833333333 ) 

    1    1
  0.24898371   0.00000000    -0.00303130   0.00803034    -0.00378138   0.00000000
 -0.00303130  -0.00803034     0.32583743   0.00000000     0.00303130   0.00803034
 -0.00378138   0.00000000     0.00303130  -0.00803034     0.24898371   0.00000000
    1    2
 -0.03187034  -0.05316015    -0.02183966  -0.03586361    -0.17120075   0.04029488
 -0.02183966  -0.03586361    -0.04625502  -0.05438852     0.02183966   0.03586361
 -0.17120075   0.04029488     0.02183966   0.03586361    -0.03187034  -0.05316015
    2    1
 -0.03187034   0.05316015    -0.02183966   0.03586361    -0.17120075  -0.04029488
 -0.02183966   0.03586361    -0.04625502   0.05438852     0.02183966  -0.03586361
 -0.17120075  -0.04029488     0.02183966  -0.03586361    -0.03187034   0.05316015
    2    2
  0.24898371   0.00000000    -0.00303130  -0.00803034    -0.00378138   0.00000000
 -0.00303130   0.00803034     0.32583743   0.00000000     0.00303130  -0.00803034
 -0.00378138   0.00000000     0.00303130   0.00803034     0.24898371   0.00000000

     Dynamical  Matrix in cartesian axes

     q = (    0.833333333   0.166666667  -0.833333333 ) 

    1    1
  0.24898371   0.00000000     0.00303130  -0.00803034    -0.00378138   0.00000000
  0.00303130   0.00803034     0.32583743   0.00000000    -0.00303130  -0.00803034
 -0.00378138   0.00000000    -0.00303130   0.00803034     0.24898371   0.00000000
    1    2
 -0.03187034  -0.05316015     0.02183966   0.03586361    -0.17120075   0.04029488
  0.02183966   0.03586361    -0.04625502  -0.05438852    -0.02183966  -0.03586361
 -0.17120075   0.04029488    -0.02183966  -0.03586361    -0.03187034  -0.05316015
    2    1
 -0.03187034   0.05316015     0.02183966  -0.03586361    -0.17120075  -0.04029488
  0.02183966  -0.03586361    -0.04625502   0.05438852    -0.02183966   0.03586361
 -0.17120075  -0.04029488    -0.02183966   0.03586361    -0.03187034   0.05316015
    2    2
  0.24898371   0.00000000     0.00303130   0.00803034    -0.00378138   0.00000000
  0.00303130  -0.00803034     0.32583743   0.00000000    -0.00303130   0.00803034
 -0.00378138   0.00000000    -0.00303130  -0.00803034     0.24898371   0.00000000

     Dynamical  Matrix in cartesian axes

     q = (   -0.166666667   0.833333333   0.833333333 ) 

    1    1
  0.32583743   0.00000000    -0.00303130  -0.00803034    -0.00303130  -0.00803034
 -0.00303130   0.00803034     0.24898371   0.00000000     0.00378138   0.00000000
 -0.00303130   0.00803034     0.00378138   0.00000000     0.24898371   0.00000000
    1    2
 -0.02397434   0.06725228    -0.02013897   0.03684551    -0.02013897   0.03684551
 -0.02013897   0.03684551    -0.03010288   0.05418060    -0.12049676  -0.12811676
 -0.02013897   0.03684551    -0.12049676  -0.12811676    -0.03010288   0.05418060
    2    1
 -0.02397434  -0.06725228    -0.02013897  -0.03684551    -0.02013897  -0.03684551
 -0.02013897  -0.03684551    -0.03010288  -0.05418060    -0.12049676   0.12811676
 -0.02013897  -0.03684551    -0.12049676   0.12811676    -0.03010288  -0.05418060
    2    2
  0.32583743   0.00000000    -0.00303130   0.00803034    -0.00303130   0.00803034
 -0.00303130  -0.00803034     0.24898371   0.00000000     0.00378138   0.00000000
 -0.00303130  -0.00803034     0.00378138   0.00000000     0.24898371   0.00000000

     Dynamical  Matrix in cartesian axes

     q = (    0.166666667   0.833333333  -0.833333333 ) 

    1    1
  0.32583743   0.00000000     0.00303130   0.00803034    -0.00303130  -0.00803034
  0.00303130  -0.00803034     0.24898371   0.00000000    -0.00378138   0.00000000
 -0.00303130   0.00803034    -0.00378138   0.00000000     0.24898371   0.00000000
    1    2
 -0.04625502  -0.05438852     0.02183966   0.03586361    -0.02183966  -0.03586361
  0.02183966   0.03586361    -0.03187034  -0.05316015    -0.17120075   0.04029488
 -0.02183966  -0.03586361    -0.17120075   0.04029488    -0.03187034  -0.05316015
    2    1
 -0.04625502   0.05438852     0.02183966  -0.03586361    -0.02183966   0.03586361
  0.02183966  -0.03586361    -0.03187034   0.05316015    -0.17120075  -0.04029488
 -0.02183966   0.03586361    -0.17120075  -0.04029488    -0.03187034   0.05316015
    2    2
  0.32583743   0.00000000     0.00303130  -0.00803034    -0.00303130   0.00803034
  0.00303130   0.00803034     0.24898371   0.00000000    -0.00378138   0.00000000
 -0.00303130  -0.00803034    -0.00378138   0.00000000     0.24898371   0.00000000

     Dynamical  Matrix in cartesian axes

     q = (   -0.166666667  -0.833333333  -0.833333333 ) 

    1    1
  0.32583743   0.00000000     0.00303130   0.00803034     0.00303130   0.00803034
  0.00303130  -0.00803034     0.24898371   0.00000000     0.00378138   0.00000000
  0.00303130  -0.00803034     0.00378138   0.00000000     0.24898371   0.00000000
    1    2
  0.04625502   0.05438852    -0.02183966  -0.03586361    -0.02183966  -0.03586361
 -0.02183966  -0.03586361     0.03187034   0.05316015    -0.17120075   0.04029488
 -0.02183966  -0.03586361    -0.17120075   0.04029488     0.03187034   0.05316015
    2    1
  0.04625502  -0.05438852    -0.02183966   0.03586361    -0.02183966   0.03586361
 -0.02183966   0.03586361     0.03187034  -0.05316015    -0.17120075  -0.04029488
 -0.02183966   0.03586361    -0.17120075  -0.04029488     0.03187034  -0.05316015
    2    2
  0.32583743   0.00000000     0.00303130  -0.00803034     0.00303130  -0.00803034
  0.00303130   0.00803034     0.24898371   0.00000000     0.00378138   0.00000000
  0.00303130   0.00803034     0.00378138   0.00000000     0.24898371   0.00000000

     Dynamical  Matrix in cartesian axes

     q = (    0.833333333  -0.833333333   0.166666667 ) 

    1    1
  0.24898371   0.00000000    -0.00378138   0.00000000     0.00303130  -0.00803034
 -0.00378138   0.00000000     0.24898371   0.00000000    -0.00303130   0.00803034
  0.00303130   0.00803034    -0.00303130  -0.00803034     0.32583743   0.00000000
    1    2
 -0.03187034  -0.05316015    -0.17120075   0.04029488     0.02183966   0.03586361
 -0.17120075   0.04029488    -0.03187034  -0.05316015    -0.02183966  -0.03586361
  0.02183966   0.03586361    -0.02183966  -0.03586361    -0.04625502  -0.05438852
    2    1
 -0.03187034   0.05316015    -0.17120075  -0.04029488     0.02183966  -0.03586361
 -0.17120075  -0.04029488    -0.03187034   0.05316015    -0.02183966   0.03586361
  0.02183966  -0.03586361    -0.02183966   0.03586361    -0.04625502   0.05438852
    2    2
  0.24898371   0.00000000    -0.00378138   0.00000000     0.00303130   0.00803034
 -0.00378138   0.00000000     0.24898371   0.00000000    -0.00303130  -0.00803034
  0.00303130  -0.00803034    -0.00303130   0.00803034     0.32583743   0.00000000

     Dynamical  Matrix in cartesian axes

     q = (    0.833333333   0.833333333  -0.166666667 ) 

    1    1
  0.24898371   0.00000000     0.00378138   0.00000000    -0.00303130   0.00803034
  0.00378138   0.00000000     0.24898371   0.00000000    -0.00303130   0.00803034
 -0.00303130  -0.00803034    -0.00303130  -0.00803034     0.32583743   0.00000000
    1    2
 -0.03010288   0.05418060    -0.12049676  -0.12811676    -0.02013897   0.03684551
 -0.12049676  -0.12811676    -0.03010288   0.05418060    -0.02013897   0.03684551
 -0.02013897   0.03684551    -0.02013897   0.03684551    -0.02397434   0.06725228
    2    1
 -0.03010288  -0.05418060    -0.12049676   0.12811676    -0.02013897  -0.03684551
 -0.12049676   0.12811676    -0.03010288  -0.05418060    -0.02013897  -0.03684551
 -0.02013897  -0.03684551    -0.02013897  -0.03684551    -0.02397434  -0.06725228
    2    2
  0.24898371   0.00000000     0.00378138   0.00000000    -0.00303130  -0.00803034
  0.00378138   0.00000000     0.24898371   0.00000000    -0.00303130  -0.00803034
 -0.00303130   0.00803034    -0.00303130   0.00803034     0.32583743   0.00000000

     Dynamical  Matrix in cartesian axes

     q = (   -0.833333333  -0.833333333  -0.166666667 ) 

    1    1
  0.24898371   0.00000000     0.00378138   0.00000000     0.00303130  -0.00803034
  0.00378138   0.00000000     0.24898371   0.00000000     0.00303130  -0.00803034
  0.00303130   0.00803034     0.00303130   0.00803034     0.32583743   0.00000000
    1    2
  0.03187034   0.05316015    -0.17120075   0.04029488    -0.02183966  -0.03586361
 -0.17120075   0.04029488     0.03187034   0.05316015    -0.02183966  -0.03586361
 -0.02183966  -0.03586361    -0.02183966  -0.03586361     0.04625502   0.05438852
    2    1
  0.03187034  -0.05316015    -0.17120075  -0.04029488    -0.02183966   0.03586361
 -0.17120075  -0.04029488     0.03187034  -0.05316015    -0.02183966   0.03586361
 -0.02183966   0.03586361    -0.02183966   0.03586361     0.04625502  -0.05438852
    2    2
  0.24898371   0.00000000     0.00378138   0.00000000     0.00303130   0.00803034
  0.00378138   0.00000000     0.24898371   0.00000000     0.00303130   0.00803034
  0.00303130  -0.00803034     0.00303130  -0.00803034     0.32583743   0.00000000

     Dynamical  Matrix in cartesian axes

     q = (   -0.833333333   0.833333333   0.166666667 ) 

    1    1
  0.24898371   0.00000000    -0.00378138   0.00000000    -0.00303130   0.00803034
 -0.00378138   0.00000000     0.24898371   0.00000000     0.00303130  -0.00803034
 -0.00303130  -0.00803034     0.00303130   0.00803034     0.32583743   0.00000000
    1    2
 -0.03187034  -0.05316015    -0.17120075   0.04029488    -0.02183966  -0.03586361
 -0.17120075   0.04029488    -0.03187034  -0.05316015     0.02183966   0.03586361
 -0.02183966  -0.03586361     0.02183966   0.03586361    -0.04625502  -0.05438852
    2    1
 -0.03187034   0.05316015    -0.17120075  -0.04029488    -0.02183966   0.03586361
 -0.17120075  -0.04029488    -0.03187034   0.05316015     0.02183966  -0.03586361
 -0.02183966   0.03586361     0.02183966  -0.03586361    -0.04625502   0.05438852
    2    2
  0.24898371   0.00000000    -0.00378138   0.00000000    -0.00303130  -0.00803034
 -0.00378138   0.00000000     0.24898371   0.00000000     0.00303130   0.00803034
 -0.00303130   0.00803034     0.00303130  -0.00803034     0.32583743   0.00000000

     Dynamical  Matrix in cartesian axes

     q = (    0.166666667  -0.833333333   0.833333333 ) 

    1    1
  0.32583743   0.00000000    -0.00303130  -0.00803034     0.00303130   0.00803034
 -0.00303130   0.00803034     0.24898371   0.00000000    -0.00378138   0.00000000
  0.00303130  -0.00803034    -0.00378138   0.00000000     0.24898371   0.00000000
    1    2
 -0.04625502  -0.05438852    -0.02183966  -0.03586361     0.02183966   0.03586361
 -0.02183966  -0.03586361    -0.03187034  -0.05316015    -0.17120075   0.04029488
  0.02183966   0.03586361    -0.17120075   0.04029488    -0.03187034  -0.05316015
    2    1
 -0.04625502   0.05438852    -0.02183966   0.03586361     0.02183966  -0.03586361
 -0.02183966   0.03586361    -0.03187034   0.05316015    -0.17120075  -0.04029488
  0.02183966  -0.03586361    -0.17120075  -0.04029488    -0.03187034   0.05316015
    2    2
  0.32583743   0.00000000    -0.00303130   0.00803034     0.00303130  -0.00803034
 -0.00303130  -0.00803034     0.24898371   0.00000000    -0.00378138   0.00000000
  0.00303130   0.00803034    -0.00378138   0.00000000     0.24898371   0.00000000

     Dynamical  Matrix in cartesian axes

     q = (    0.166666667   0.833333333   0.833333333 ) 

    1    1
  0.32583743   0.00000000     0.00303130  -0.00803034     0.00303130  -0.00803034
  0.00303130   0.00803034     0.24898371   0.00000000     0.00378138   0.00000000
  0.00303130   0.00803034     0.00378138   0.00000000     0.24898371   0.00000000
    1    2
  0.04625502  -0.05438852    -0.02183966   0.03586361    -0.02183966   0.03586361
 -0.02183966   0.03586361     0.03187034  -0.05316015    -0.17120075  -0.04029488
 -0.02183966   0.03586361    -0.17120075  -0.04029488     0.03187034  -0.05316015
    2    1
  0.04625502   0.05438852    -0.02183966  -0.03586361    -0.02183966  -0.03586361
 -0.02183966  -0.03586361     0.03187034   0.05316015    -0.17120075   0.04029488
 -0.02183966  -0.03586361    -0.17120075   0.04029488     0.03187034   0.05316015
    2    2
  0.32583743   0.00000000     0.00303130   0.00803034     0.00303130   0.00803034
  0.00303130  -0.00803034     0.24898371   0.00000000     0.00378138   0.00000000
  0.00303130  -0.00803034     0.00378138   0.00000000     0.24898371   0.00000000

     Dynamical  Matrix in cartesian axes

     q = (   -0.833333333   0.166666667  -0.833333333 ) 

    1    1
  0.24898371   0.00000000    -0.00303130  -0.00803034     0.00378138   0.00000000
 -0.00303130   0.00803034     0.32583743   0.00000000    -0.00303130   0.00803034
  0.00378138   0.00000000    -0.00303130  -0.00803034     0.24898371   0.00000000
    1    2
 -0.03010288  -0.05418060    -0.02013897  -0.03684551    -0.12049676   0.12811676
 -0.02013897  -0.03684551    -0.02397434  -0.06725228    -0.02013897  -0.03684551
 -0.12049676   0.12811676    -0.02013897  -0.03684551    -0.03010288  -0.05418060
    2    1
 -0.03010288   0.05418060    -0.02013897   0.03684551    -0.12049676  -0.12811676
 -0.02013897   0.03684551    -0.02397434   0.06725228    -0.02013897   0.03684551
 -0.12049676  -0.12811676    -0.02013897   0.03684551    -0.03010288   0.05418060
    2    2
  0.24898371   0.00000000    -0.00303130   0.00803034     0.00378138   0.00000000
 -0.00303130  -0.00803034     0.32583743   0.00000000    -0.00303130  -0.00803034
  0.00378138   0.00000000    -0.00303130   0.00803034     0.24898371   0.00000000

     Dynamical  Matrix in cartesian axes

     q = (   -0.166666667  -0.833333333   0.833333333 ) 

    1    1
  0.32583743   0.00000000     0.00303130  -0.00803034    -0.00303130   0.00803034
  0.00303130   0.00803034     0.24898371   0.00000000    -0.00378138   0.00000000
 -0.00303130  -0.00803034    -0.00378138   0.00000000     0.24898371   0.00000000
    1    2
 -0.04625502   0.05438852     0.02183966  -0.03586361    -0.02183966   0.03586361
  0.02183966  -0.03586361    -0.03187034   0.05316015    -0.17120075  -0.04029488
 -0.02183966   0.03586361    -0.17120075  -0.04029488    -0.03187034   0.05316015
    2    1
 -0.04625502  -0.05438852     0.02183966   0.03586361    -0.02183966  -0.03586361
  0.02183966   0.03586361    -0.03187034  -0.05316015    -0.17120075   0.04029488
 -0.02183966  -0.03586361    -0.17120075   0.04029488    -0.03187034  -0.05316015
    2    2
  0.32583743   0.00000000     0.00303130   0.00803034    -0.00303130  -0.00803034
  0.00303130  -0.00803034     0.24898371   0.00000000    -0.00378138   0.00000000
 -0.00303130   0.00803034    -0.00378138   0.00000000     0.24898371   0.00000000

     Dynamical  Matrix in cartesian axes

     q = (   -0.833333333  -0.833333333   0.166666667 ) 

    1    1
  0.24898371   0.00000000     0.00378138   0.00000000    -0.00303130  -0.00803034
  0.00378138   0.00000000     0.24898371   0.00000000    -0.00303130  -0.00803034
 -0.00303130   0.00803034    -0.00303130   0.00803034     0.32583743   0.00000000
    1    2
 -0.03010288  -0.05418060    -0.12049676   0.12811676    -0.02013897  -0.03684551
 -0.12049676   0.12811676    -0.03010288  -0.05418060    -0.02013897  -0.03684551
 -0.02013897  -0.03684551    -0.02013897  -0.03684551    -0.02397434  -0.06725228
    2    1
 -0.03010288   0.05418060    -0.12049676  -0.12811676    -0.02013897   0.03684551
 -0.12049676  -0.12811676    -0.03010288   0.05418060    -0.02013897   0.03684551
 -0.02013897   0.03684551    -0.02013897   0.03684551    -0.02397434   0.06725228
    2    2
  0.24898371   0.00000000     0.00378138   0.00000000    -0.00303130   0.00803034
  0.00378138   0.00000000     0.24898371   0.00000000    -0.00303130   0.00803034
 -0.00303130  -0.00803034    -0.00303130  -0.00803034     0.32583743   0.00000000

     Dynamical  Matrix in cartesian axes

     q = (    0.833333333   0.833333333   0.166666667 ) 

    1    1
  0.24898371   0.00000000     0.00378138   0.00000000     0.00303130   0.00803034
  0.00378138   0.00000000     0.24898371   0.00000000     0.00303130   0.00803034
  0.00303130  -0.00803034     0.00303130  -0.00803034     0.32583743   0.00000000
    1    2
  0.03187034  -0.05316015    -0.17120075  -0.04029488    -0.02183966   0.03586361
 -0.17120075  -0.04029488     0.03187034  -0.05316015    -0.02183966   0.03586361
 -0.02183966   0.03586361    -0.02183966   0.03586361     0.04625502  -0.05438852
    2    1
  0.03187034   0.05316015    -0.17120075   0.04029488    -0.02183966  -0.03586361
 -0.17120075   0.04029488     0.03187034   0.05316015    -0.02183966  -0.03586361
 -0.02183966  -0.03586361    -0.02183966  -0.03586361     0.04625502   0.05438852
    2    2
  0.24898371   0.00000000     0.00378138   0.00000000     0.00303130  -0.00803034
  0.00378138   0.00000000     0.24898371   0.00000000     0.00303130  -0.00803034
  0.00303130   0.00803034     0.00303130   0.00803034     0.32583743   0.00000000

     Dynamical  Matrix in cartesian axes

     q = (    0.166666667  -0.833333333  -0.833333333 ) 

    1    1
  0.32583743   0.00000000    -0.00303130   0.00803034    -0.00303130   0.00803034
 -0.00303130  -0.00803034     0.24898371   0.00000000     0.00378138   0.00000000
 -0.00303130  -0.00803034     0.00378138   0.00000000     0.24898371   0.00000000
    1    2
 -0.02397434  -0.06725228    -0.02013897  -0.03684551    -0.02013897  -0.03684551
 -0.02013897  -0.03684551    -0.03010288  -0.05418060    -0.12049676   0.12811676
 -0.02013897  -0.03684551    -0.12049676   0.12811676    -0.03010288  -0.05418060
    2    1
 -0.02397434   0.06725228    -0.02013897   0.03684551    -0.02013897   0.03684551
 -0.02013897   0.03684551    -0.03010288   0.05418060    -0.12049676  -0.12811676
 -0.02013897   0.03684551    -0.12049676  -0.12811676    -0.03010288   0.05418060
    2    2
  0.32583743   0.00000000    -0.00303130  -0.00803034    -0.00303130  -0.00803034
 -0.00303130   0.00803034     0.24898371   0.00000000     0.00378138   0.00000000
 -0.00303130   0.00803034     0.00378138   0.00000000     0.24898371   0.00000000

     Dynamical  Matrix in cartesian axes

     q = (    0.833333333  -0.833333333  -0.166666667 ) 

    1    1
  0.24898371   0.00000000    -0.00378138   0.00000000    -0.00303130  -0.00803034
 -0.00378138   0.00000000     0.24898371   0.00000000     0.00303130   0.00803034
 -0.00303130   0.00803034     0.00303130  -0.00803034     0.32583743   0.00000000
    1    2
 -0.03187034   0.05316015    -0.17120075  -0.04029488    -0.02183966   0.03586361
 -0.17120075  -0.04029488    -0.03187034   0.05316015     0.02183966  -0.03586361
 -0.02183966   0.03586361     0.02183966  -0.03586361    -0.04625502   0.05438852
    2    1
 -0.03187034  -0.05316015    -0.17120075   0.04029488    -0.02183966  -0.03586361
 -0.17120075   0.04029488    -0.03187034  -0.05316015     0.02183966   0.03586361
 -0.02183966  -0.03586361     0.02183966   0.03586361    -0.04625502  -0.05438852
    2    2
  0.24898371   0.00000000    -0.00378138   0.00000000    -0.00303130   0.00803034
 -0.00378138   0.00000000     0.24898371   0.00000000     0.00303130  -0.00803034
 -0.00303130  -0.00803034     0.00303130   0.00803034     0.32583743   0.00000000

     Diagonalizing the dynamical matrix

     q = (    0.833333333  -0.166666667   0.833333333 ) 

 **************************************************************************
     freq (    1) =       4.200090 [THz] =     140.099922 [cm-1]
 ( -0.222122 -0.447953 -0.000000 -0.000000  0.222122  0.447953 ) 
 (  0.500000 -0.000000  0.000000 -0.000000 -0.500000  0.000000 ) 
     freq (    2) =       5.579379 [THz] =     186.108041 [cm-1]
 (  0.444441  0.196549  0.122756 -0.112304  0.444441  0.196549 ) 
 (  0.485962 -0.000000  0.066846  0.152358  0.485962  0.000000 ) 
     freq (    3) =      10.234484 [THz] =     341.385624 [cm-1]
 ( -0.133294  0.123293 -0.488978 -0.441547 -0.133294  0.123293 ) 
 (  0.181572  0.000000  0.059141 -0.656175  0.181572  0.000000 ) 
     freq (    4) =      12.455561 [THz] =     415.472800 [cm-1]
 ( -0.171442 -0.208470  0.588495  0.089270 -0.171442 -0.208470 ) 
 (  0.269911 -0.000000 -0.442748 -0.397832  0.269911  0.000000 ) 
     freq (    5) =      13.773162 [THz] =     459.423228 [cm-1]
 (  0.222122  0.447953  0.000000 -0.000000 -0.222122 -0.447953 ) 
 (  0.500000  0.000000 -0.000000 -0.000000 -0.500000  0.000000 ) 
     freq (    6) =      14.079973 [THz] =     469.657342 [cm-1]
 (  0.366034  0.155046  0.326305 -0.278361  0.366034  0.155046 ) 
 ( -0.397517 -0.000000 -0.191890 -0.383586 -0.397517  0.000000 ) 
 **************************************************************************
