Dynamical matrix file
phonons of Si                                                              
  1    2   2  10.2000000   0.0000000   0.0000000   0.0000000   0.0000000   0.0000000
           1  'Si  '    25598.823011949724     
    1    1      0.0000000000      0.0000000000      0.0000000000
    2    1      0.2500000000      0.2500000000      0.2500000000

     Dynamical  Matrix in cartesian axes

     q = (    0.666666667  -0.333333333   0.666666667 ) 

    1    1
  0.26582781   0.00000000    -0.01171721   0.00796674     0.01122835   0.00000000
 -0.01171721  -0.00796674     0.29536936   0.00000000    -0.01171721  -0.00796674
  0.01122835   0.00000000    -0.01171721   0.00796674     0.26582781   0.00000000
    1    2
 -0.10021149   0.05932132    -0.06705074   0.04157966     0.02877523  -0.11877261
 -0.06705074   0.04157966    -0.10423278   0.07375973    -0.06705074   0.04157966
  0.02877523  -0.11877261    -0.06705074   0.04157966    -0.10021149   0.05932132
    2    1
 -0.10021149  -0.05932132    -0.06705074  -0.04157966     0.02877523   0.11877261
 -0.06705074  -0.04157966    -0.10423278  -0.07375973    -0.06705074  -0.04157966
  0.02877523   0.11877261    -0.06705074  -0.04157966    -0.10021149  -0.05932132
    2    2
  0.26582781   0.00000000    -0.01171721  -0.00796674     0.01122835   0.00000000
 -0.01171721   0.00796674     0.29536936   0.00000000    -0.01171721   0.00796674
  0.01122835   0.00000000    -0.01171721  -0.00796674     0.26582781   0.00000000

     Dynamical  Matrix in cartesian axes

     q = (   -0.666666667  -0.333333333  -0.666666667 ) 

    1    1
  0.26582781   0.00000000     0.01171721  -0.00796674     0.01122835   0.00000000
  0.01171721   0.00796674     0.29536936   0.00000000     0.01171721   0.00796674
  0.01122835   0.00000000     0.01171721  -0.00796674     0.26582781   0.00000000
    1    2
  0.10147952   0.05712504    -0.06953441  -0.03727781    -0.11724771   0.03446622
 -0.06953441  -0.03727781     0.11599419   0.05338837    -0.06953441  -0.03727781
 -0.11724771   0.03446622    -0.06953441  -0.03727781     0.10147952   0.05712504
    2    1
  0.10147952  -0.05712504    -0.06953441   0.03727781    -0.11724771  -0.03446622
 -0.06953441   0.03727781     0.11599419  -0.05338837    -0.06953441   0.03727781
 -0.11724771  -0.03446622    -0.06953441   0.03727781     0.10147952  -0.05712504
    2    2
  0.26582781   0.00000000     0.01171721   0.00796674     0.01122835   0.00000000
  0.01171721  -0.00796674     0.29536936   0.00000000     0.01171721  -0.00796674
  0.01122835   0.00000000     0.01171721   0.00796674     0.26582781   0.00000000

     Dynamical  Matrix in cartesian axes

     q = (    0.666666667  -0.333333333  -0.666666667 ) 

    1    1
  0.26582781   0.00000000    -0.01171721  -0.00796674    -0.01122835   0.00000000
 -0.01171721   0.00796674     0.29536936   0.00000000     0.01171721  -0.00796674
 -0.01122835   0.00000000     0.01171721   0.00796674     0.26582781   0.00000000
    1    2
 -0.10147952   0.05712504    -0.06953441   0.03727781    -0.11724771  -0.03446622
 -0.06953441   0.03727781    -0.11599419   0.05338837     0.06953441  -0.03727781
 -0.11724771  -0.03446622     0.06953441  -0.03727781    -0.10147952   0.05712504
    2    1
 -0.10147952  -0.05712504    -0.06953441  -0.03727781    -0.11724771   0.03446622
 -0.06953441  -0.03727781    -0.11599419  -0.05338837     0.06953441   0.03727781
 -0.11724771   0.03446622     0.06953441   0.03727781    -0.10147952  -0.05712504
    2    2
  0.26582781   0.00000000    -0.01171721   0.00796674    -0.01122835   0.00000000
 -0.01171721  -0.00796674     0.29536936   0.00000000     0.01171721   0.00796674
 -0.01122835   0.00000000     0.01171721  -0.00796674     0.26582781   0.00000000

     Dynamical  Matrix in cartesian axes

     q = (   -0.666666667  -0.333333333   0.666666667 ) 

    1    1
  0.26582781   0.00000000     0.01171721   0.00796674    -0.01122835   0.00000000
  0.01171721  -0.00796674     0.29536936   0.00000000    -0.01171721   0.00796674
 -0.01122835   0.00000000    -0.01171721  -0.00796674     0.26582781   0.00000000
    1    2
 -0.10147952   0.05712504     0.06953441  -0.03727781    -0.11724771  -0.03446622
  0.06953441  -0.03727781    -0.11599419   0.05338837    -0.06953441   0.03727781
 -0.11724771  -0.03446622    -0.06953441   0.03727781    -0.10147952   0.05712504
    2    1
 -0.10147952  -0.05712504     0.06953441   0.03727781    -0.11724771   0.03446622
  0.06953441   0.03727781    -0.11599419  -0.05338837    -0.06953441  -0.03727781
 -0.11724771   0.03446622    -0.06953441  -0.03727781    -0.10147952  -0.05712504
    2    2
  0.26582781   0.00000000     0.01171721  -0.00796674    -0.01122835   0.00000000
  0.01171721   0.00796674     0.29536936   0.00000000    -0.01171721  -0.00796674
 -0.01122835   0.00000000    -0.01171721   0.00796674     0.26582781   0.00000000

     Dynamical  Matrix in cartesian axes

     q = (   -0.333333333   0.666666667  -0.666666667 ) 

    1    1
  0.29536936   0.00000000    -0.01171721   0.00796674     0.01171721  -0.00796674
 -0.01171721  -0.00796674     0.26582781   0.00000000    -0.01122835   0.00000000
  0.01171721   0.00796674    -0.01122835   0.00000000     0.26582781   0.00000000
    1    2
 -0.11599419   0.05338837    -0.06953441   0.03727781     0.06953441  -0.03727781
 -0.06953441   0.03727781    -0.10147952   0.05712504    -0.11724771  -0.03446622
  0.06953441  -0.03727781    -0.11724771  -0.03446622    -0.10147952   0.05712504
    2    1
 -0.11599419  -0.05338837    -0.06953441  -0.03727781     0.06953441   0.03727781
 -0.06953441  -0.03727781    -0.10147952  -0.05712504    -0.11724771   0.03446622
  0.06953441   0.03727781    -0.11724771   0.03446622    -0.10147952  -0.05712504
    2    2
  0.29536936   0.00000000    -0.01171721  -0.00796674     0.01171721   0.00796674
 -0.01171721   0.00796674     0.26582781   0.00000000    -0.01122835   0.00000000
  0.01171721  -0.00796674    -0.01122835   0.00000000     0.26582781   0.00000000

     Dynamical  Matrix in cartesian axes

     q = (   -0.666666667   0.666666667  -0.333333333 ) 

    1    1
  0.26582781   0.00000000    -0.01122835   0.00000000     0.01171721   0.00796674
 -0.01122835   0.00000000     0.26582781   0.00000000    -0.01171721  -0.00796674
  0.01171721  -0.00796674    -0.01171721   0.00796674     0.29536936   0.00000000
    1    2
 -0.10147952   0.05712504    -0.11724771  -0.03446622     0.06953441  -0.03727781
 -0.11724771  -0.03446622    -0.10147952   0.05712504    -0.06953441   0.03727781
  0.06953441  -0.03727781    -0.06953441   0.03727781    -0.11599419   0.05338837
    2    1
 -0.10147952  -0.05712504    -0.11724771   0.03446622     0.06953441   0.03727781
 -0.11724771   0.03446622    -0.10147952  -0.05712504    -0.06953441  -0.03727781
  0.06953441   0.03727781    -0.06953441  -0.03727781    -0.11599419  -0.05338837
    2    2
  0.26582781   0.00000000    -0.01122835   0.00000000     0.01171721  -0.00796674
 -0.01122835   0.00000000     0.26582781   0.00000000    -0.01171721   0.00796674
  0.01171721   0.00796674    -0.01171721  -0.00796674     0.29536936   0.00000000

     Dynamical  Matrix in cartesian axes

     q = (    0.666666667   0.333333333   0.666666667 ) 

    1    1
  0.26582781   0.00000000     0.01171721   0.00796674     0.01122835   0.00000000
  0.01171721  -0.00796674     0.29536936   0.00000000     0.01171721  -0.00796674
  0.01122835   0.00000000     0.01171721   0.00796674     0.26582781   0.00000000
    1    2
  0.10147952  -0.05712504    -0.06953441   0.03727781    -0.11724771  -0.03446622
 -0.06953441   0.03727781     0.11599419  -0.05338837    -0.06953441   0.03727781
 -0.11724771  -0.03446622    -0.06953441   0.03727781     0.10147952  -0.05712504
    2    1
  0.10147952   0.05712504    -0.06953441  -0.03727781    -0.11724771   0.03446622
 -0.06953441  -0.03727781     0.11599419   0.05338837    -0.06953441  -0.03727781
 -0.11724771   0.03446622    -0.06953441  -0.03727781     0.10147952   0.05712504
    2    2
  0.26582781   0.00000000     0.01171721  -0.00796674     0.01122835   0.00000000
  0.01171721   0.00796674     0.29536936   0.00000000     0.01171721   0.00796674
  0.01122835   0.00000000     0.01171721  -0.00796674     0.26582781   0.00000000

     Dynamical  Matrix in cartesian axes

     q = (   -0.666666667   0.333333333   0.666666667 ) 

    1    1
  0.26582781   0.00000000    -0.01171721   0.00796674    -0.01122835   0.00000000
 -0.01171721  -0.00796674     0.29536936   0.00000000     0.01171721   0.00796674
 -0.01122835   0.00000000     0.01171721  -0.00796674     0.26582781   0.00000000
    1    2
 -0.10147952  -0.05712504    -0.06953441  -0.03727781    -0.11724771   0.03446622
 -0.06953441  -0.03727781    -0.11599419  -0.05338837     0.06953441   0.03727781
 -0.11724771   0.03446622     0.06953441   0.03727781    -0.10147952  -0.05712504
    2    1
 -0.10147952   0.05712504    -0.06953441   0.03727781    -0.11724771  -0.03446622
 -0.06953441   0.03727781    -0.11599419   0.05338837     0.06953441  -0.03727781
 -0.11724771  -0.03446622     0.06953441  -0.03727781    -0.10147952   0.05712504
    2    2
  0.26582781   0.00000000    -0.01171721  -0.00796674    -0.01122835   0.00000000
 -0.01171721   0.00796674     0.29536936   0.00000000     0.01171721  -0.00796674
 -0.01122835   0.00000000     0.01171721   0.00796674     0.26582781   0.00000000

     Dynamical  Matrix in cartesian axes

     q = (    0.666666667   0.333333333  -0.666666667 ) 

    1    1
  0.26582781   0.00000000     0.01171721  -0.00796674    -0.01122835   0.00000000
  0.01171721   0.00796674     0.29536936   0.00000000    -0.01171721  -0.00796674
 -0.01122835   0.00000000    -0.01171721   0.00796674     0.26582781   0.00000000
    1    2
 -0.10147952  -0.05712504     0.06953441   0.03727781    -0.11724771   0.03446622
  0.06953441   0.03727781    -0.11599419  -0.05338837    -0.06953441  -0.03727781
 -0.11724771   0.03446622    -0.06953441  -0.03727781    -0.10147952  -0.05712504
    2    1
 -0.10147952   0.05712504     0.06953441  -0.03727781    -0.11724771  -0.03446622
  0.06953441  -0.03727781    -0.11599419   0.05338837    -0.06953441   0.03727781
 -0.11724771  -0.03446622    -0.06953441   0.03727781    -0.10147952   0.05712504
    2    2
  0.26582781   0.00000000     0.01171721   0.00796674    -0.01122835   0.00000000
  0.01171721  -0.00796674     0.29536936   0.00000000    -0.01171721   0.00796674
 -0.01122835   0.00000000    -0.01171721  -0.00796674     0.26582781   0.00000000

     Dynamical  Matrix in cartesian axes

     q = (   -0.333333333   0.666666667   0.666666667 ) 

    1    1
  0.29536936   0.00000000    -0.01171721  -0.00796674    -0.01171721  -0.00796674
 -0.01171721   0.00796674     0.26582781   0.00000000     0.01122835   0.00000000
 -0.01171721   0.00796674     0.01122835   0.00000000     0.26582781   0.00000000
    1    2
 -0.10423278   0.07375973    -0.06705074   0.04157966    -0.06705074   0.04157966
 -0.06705074   0.04157966    -0.10021149   0.05932132     0.02877523  -0.11877261
 -0.06705074   0.04157966     0.02877523  -0.11877261    -0.10021149   0.05932132
    2    1
 -0.10423278  -0.07375973    -0.06705074  -0.04157966    -0.06705074  -0.04157966
 -0.06705074  -0.04157966    -0.10021149  -0.05932132     0.02877523   0.11877261
 -0.06705074  -0.04157966     0.02877523   0.11877261    -0.10021149  -0.05932132
    2    2
  0.29536936   0.00000000    -0.01171721   0.00796674    -0.01171721   0.00796674
 -0.01171721  -0.00796674     0.26582781   0.00000000     0.01122835   0.00000000
 -0.01171721  -0.00796674     0.01122835   0.00000000     0.26582781   0.00000000

     Dynamical  Matrix in cartesian axes

     q = (    0.333333333   0.666666667  -0.666666667 ) 

    1    1
  0.29536936   0.00000000     0.01171721   0.00796674    -0.01171721  -0.00796674
  0.01171721  -0.00796674     0.26582781   0.00000000    -0.01122835   0.00000000
 -0.01171721   0.00796674    -0.01122835   0.00000000     0.26582781   0.00000000
    1    2
 -0.11599419  -0.05338837     0.06953441   0.03727781    -0.06953441  -0.03727781
  0.06953441   0.03727781    -0.10147952  -0.05712504    -0.11724771   0.03446622
 -0.06953441  -0.03727781    -0.11724771   0.03446622    -0.10147952  -0.05712504
    2    1
 -0.11599419   0.05338837     0.06953441  -0.03727781    -0.06953441   0.03727781
  0.06953441  -0.03727781    -0.10147952   0.05712504    -0.11724771  -0.03446622
 -0.06953441   0.03727781    -0.11724771  -0.03446622    -0.10147952   0.05712504
    2    2
  0.29536936   0.00000000     0.01171721  -0.00796674    -0.01171721   0.00796674
  0.01171721   0.00796674     0.26582781   0.00000000    -0.01122835   0.00000000
 -0.01171721  -0.00796674    -0.01122835   0.00000000     0.26582781   0.00000000

     Dynamical  Matrix in cartesian axes

     q = (   -0.333333333  -0.666666667  -0.666666667 ) 

    1    1
  0.29536936   0.00000000     0.01171721   0.00796674     0.01171721   0.00796674
  0.01171721  -0.00796674     0.26582781   0.00000000     0.01122835   0.00000000
  0.01171721  -0.00796674     0.01122835   0.00000000     0.26582781   0.00000000
    1    2
  0.11599419   0.05338837    -0.06953441  -0.03727781    -0.06953441  -0.03727781
 -0.06953441  -0.03727781     0.10147952   0.05712504    -0.11724771   0.03446622
 -0.06953441  -0.03727781    -0.11724771   0.03446622     0.10147952   0.05712504
    2    1
  0.11599419  -0.05338837    -0.06953441   0.03727781    -0.06953441   0.03727781
 -0.06953441   0.03727781     0.10147952  -0.05712504    -0.11724771  -0.03446622
 -0.06953441   0.03727781    -0.11724771  -0.03446622     0.10147952  -0.05712504
    2    2
  0.29536936   0.00000000     0.01171721  -0.00796674     0.01171721  -0.00796674
  0.01171721   0.00796674     0.26582781   0.00000000     0.01122835   0.00000000
  0.01171721   0.00796674     0.01122835   0.00000000     0.26582781   0.00000000

     Dynamical  Matrix in cartesian axes

     q = (    0.666666667  -0.666666667   0.333333333 ) 

    1    1
  0.26582781   0.00000000    -0.01122835   0.00000000     0.01171721  -0.00796674
 -0.01122835   0.00000000     0.26582781   0.00000000    -0.01171721   0.00796674
  0.01171721   0.00796674    -0.01171721  -0.00796674     0.29536936   0.00000000
    1    2
 -0.10147952  -0.05712504    -0.11724771   0.03446622     0.06953441   0.03727781
 -0.11724771   0.03446622    -0.10147952  -0.05712504    -0.06953441  -0.03727781
  0.06953441   0.03727781    -0.06953441  -0.03727781    -0.11599419  -0.05338837
    2    1
 -0.10147952   0.05712504    -0.11724771  -0.03446622     0.06953441  -0.03727781
 -0.11724771  -0.03446622    -0.10147952   0.05712504    -0.06953441   0.03727781
  0.06953441  -0.03727781    -0.06953441   0.03727781    -0.11599419   0.05338837
    2    2
  0.26582781   0.00000000    -0.01122835   0.00000000     0.01171721   0.00796674
 -0.01122835   0.00000000     0.26582781   0.00000000    -0.01171721  -0.00796674
  0.01171721  -0.00796674    -0.01171721   0.00796674     0.29536936   0.00000000

     Dynamical  Matrix in cartesian axes

     q = (    0.666666667   0.666666667  -0.333333333 ) 

    1    1
  0.26582781   0.00000000     0.01122835   0.00000000    -0.01171721   0.00796674
  0.01122835   0.00000000     0.26582781   0.00000000    -0.01171721   0.00796674
 -0.01171721  -0.00796674    -0.01171721  -0.00796674     0.29536936   0.00000000
    1    2
 -0.10021149   0.05932132     0.02877523  -0.11877261    -0.06705074   0.04157966
  0.02877523  -0.11877261    -0.10021149   0.05932132    -0.06705074   0.04157966
 -0.06705074   0.04157966    -0.06705074   0.04157966    -0.10423278   0.07375973
    2    1
 -0.10021149  -0.05932132     0.02877523   0.11877261    -0.06705074  -0.04157966
  0.02877523   0.11877261    -0.10021149  -0.05932132    -0.06705074  -0.04157966
 -0.06705074  -0.04157966    -0.06705074  -0.04157966    -0.10423278  -0.07375973
    2    2
  0.26582781   0.00000000     0.01122835   0.00000000    -0.01171721  -0.00796674
  0.01122835   0.00000000     0.26582781   0.00000000    -0.01171721  -0.00796674
 -0.01171721   0.00796674    -0.01171721   0.00796674     0.29536936   0.00000000

     Dynamical  Matrix in cartesian axes

     q = (   -0.666666667  -0.666666667  -0.333333333 ) 

    1    1
  0.26582781   0.00000000     0.01122835   0.00000000     0.01171721  -0.00796674
  0.01122835   0.00000000     0.26582781   0.00000000     0.01171721  -0.00796674
  0.01171721   0.00796674     0.01171721   0.00796674     0.29536936   0.00000000
    1    2
  0.10147952   0.05712504    -0.11724771   0.03446622    -0.06953441  -0.03727781
 -0.11724771   0.03446622     0.10147952   0.05712504    -0.06953441  -0.03727781
 -0.06953441  -0.03727781    -0.06953441  -0.03727781     0.11599419   0.05338837
    2    1
  0.10147952  -0.05712504    -0.11724771  -0.03446622    -0.06953441   0.03727781
 -0.11724771  -0.03446622     0.10147952  -0.05712504    -0.06953441   0.03727781
 -0.06953441   0.03727781    -0.06953441   0.03727781     0.11599419  -0.05338837
    2    2
  0.26582781   0.00000000     0.01122835   0.00000000     0.01171721   0.00796674
  0.01122835   0.00000000     0.26582781   0.00000000     0.01171721   0.00796674
  0.01171721  -0.00796674     0.01171721  -0.00796674     0.29536936   0.00000000

     Dynamical  Matrix in cartesian axes

     q = (   -0.666666667   0.666666667   0.333333333 ) 

    1    1
  0.26582781   0.00000000    -0.01122835   0.00000000    -0.01171721   0.00796674
 -0.01122835   0.00000000     0.26582781   0.00000000     0.01171721  -0.00796674
 -0.01171721  -0.00796674     0.01171721   0.00796674     0.29536936   0.00000000
    1    2
 -0.10147952  -0.05712504    -0.11724771   0.03446622    -0.06953441  -0.03727781
 -0.11724771   0.03446622    -0.10147952  -0.05712504     0.06953441   0.03727781
 -0.06953441  -0.03727781     0.06953441   0.03727781    -0.11599419  -0.05338837
    2    1
 -0.10147952   0.05712504    -0.11724771  -0.03446622    -0.06953441   0.03727781
 -0.11724771  -0.03446622    -0.10147952   0.05712504     0.06953441  -0.03727781
 -0.06953441   0.03727781     0.06953441  -0.03727781    -0.11599419   0.05338837
    2    2
  0.26582781   0.00000000    -0.01122835   0.00000000    -0.01171721  -0.00796674
 -0.01122835   0.00000000     0.26582781   0.00000000     0.01171721   0.00796674
 -0.01171721   0.00796674     0.01171721  -0.00796674     0.29536936   0.00000000

     Dynamical  Matrix in cartesian axes

     q = (    0.333333333  -0.666666667   0.666666667 ) 

    1    1
  0.29536936   0.00000000    -0.01171721  -0.00796674     0.01171721   0.00796674
 -0.01171721   0.00796674     0.26582781   0.00000000    -0.01122835   0.00000000
  0.01171721  -0.00796674    -0.01122835   0.00000000     0.26582781   0.00000000
    1    2
 -0.11599419  -0.05338837    -0.06953441  -0.03727781     0.06953441   0.03727781
 -0.06953441  -0.03727781    -0.10147952  -0.05712504    -0.11724771   0.03446622
  0.06953441   0.03727781    -0.11724771   0.03446622    -0.10147952  -0.05712504
    2    1
 -0.11599419   0.05338837    -0.06953441   0.03727781     0.06953441  -0.03727781
 -0.06953441   0.03727781    -0.10147952   0.05712504    -0.11724771  -0.03446622
  0.06953441  -0.03727781    -0.11724771  -0.03446622    -0.10147952   0.05712504
    2    2
  0.29536936   0.00000000    -0.01171721   0.00796674     0.01171721  -0.00796674
 -0.01171721  -0.00796674     0.26582781   0.00000000    -0.01122835   0.00000000
  0.01171721   0.00796674    -0.01122835   0.00000000     0.26582781   0.00000000

     Dynamical  Matrix in cartesian axes

     q = (    0.333333333   0.666666667   0.666666667 ) 

    1    1
  0.29536936   0.00000000     0.01171721  -0.00796674     0.01171721  -0.00796674
  0.01171721   0.00796674     0.26582781   0.00000000     0.01122835   0.00000000
  0.01171721   0.00796674     0.01122835   0.00000000     0.26582781   0.00000000
    1    2
  0.11599419  -0.05338837    -0.06953441   0.03727781    -0.06953441   0.03727781
 -0.06953441   0.03727781     0.10147952  -0.05712504    -0.11724771  -0.03446622
 -0.06953441   0.03727781    -0.11724771  -0.03446622     0.10147952  -0.05712504
    2    1
  0.11599419   0.05338837    -0.06953441  -0.03727781    -0.06953441  -0.03727781
 -0.06953441  -0.03727781     0.10147952   0.05712504    -0.11724771   0.03446622
 -0.06953441  -0.03727781    -0.11724771   0.03446622     0.10147952   0.05712504
    2    2
  0.29536936   0.00000000     0.01171721   0.00796674     0.01171721   0.00796674
  0.01171721  -0.00796674     0.26582781   0.00000000     0.01122835   0.00000000
  0.01171721  -0.00796674     0.01122835   0.00000000     0.26582781   0.00000000

     Dynamical  Matrix in cartesian axes

     q = (   -0.666666667   0.333333333  -0.666666667 ) 

    1    1
  0.26582781   0.00000000    -0.01171721  -0.00796674     0.01122835   0.00000000
 -0.01171721   0.00796674     0.29536936   0.00000000    -0.01171721   0.00796674
  0.01122835   0.00000000    -0.01171721  -0.00796674     0.26582781   0.00000000
    1    2
 -0.10021149  -0.05932132    -0.06705074  -0.04157966     0.02877523   0.11877261
 -0.06705074  -0.04157966    -0.10423278  -0.07375973    -0.06705074  -0.04157966
  0.02877523   0.11877261    -0.06705074  -0.04157966    -0.10021149  -0.05932132
    2    1
 -0.10021149   0.05932132    -0.06705074   0.04157966     0.02877523  -0.11877261
 -0.06705074   0.04157966    -0.10423278   0.07375973    -0.06705074   0.04157966
  0.02877523  -0.11877261    -0.06705074   0.04157966    -0.10021149   0.05932132
    2    2
  0.26582781   0.00000000    -0.01171721   0.00796674     0.01122835   0.00000000
 -0.01171721  -0.00796674     0.29536936   0.00000000    -0.01171721  -0.00796674
  0.01122835   0.00000000    -0.01171721   0.00796674     0.26582781   0.00000000

     Dynamical  Matrix in cartesian axes

     q = (   -0.333333333  -0.666666667   0.666666667 ) 

    1    1
  0.29536936   0.00000000     0.01171721  -0.00796674    -0.01171721   0.00796674
  0.01171721   0.00796674     0.26582781   0.00000000    -0.01122835   0.00000000
 -0.01171721  -0.00796674    -0.01122835   0.00000000     0.26582781   0.00000000
    1    2
 -0.11599419   0.05338837     0.06953441  -0.03727781    -0.06953441   0.03727781
  0.06953441  -0.03727781    -0.10147952   0.05712504    -0.11724771  -0.03446622
 -0.06953441   0.03727781    -0.11724771  -0.03446622    -0.10147952   0.05712504
    2    1
 -0.11599419  -0.05338837     0.06953441   0.03727781    -0.06953441  -0.03727781
  0.06953441   0.03727781    -0.10147952  -0.05712504    -0.11724771   0.03446622
 -0.06953441  -0.03727781    -0.11724771   0.03446622    -0.10147952  -0.05712504
    2    2
  0.29536936   0.00000000     0.01171721   0.00796674    -0.01171721  -0.00796674
  0.01171721  -0.00796674     0.26582781   0.00000000    -0.01122835   0.00000000
 -0.01171721   0.00796674    -0.01122835   0.00000000     0.26582781   0.00000000

     Dynamical  Matrix in cartesian axes

     q = (   -0.666666667  -0.666666667   0.333333333 ) 

    1    1
  0.26582781   0.00000000     0.01122835   0.00000000    -0.01171721  -0.00796674
  0.01122835   0.00000000     0.26582781   0.00000000    -0.01171721  -0.00796674
 -0.01171721   0.00796674    -0.01171721   0.00796674     0.29536936   0.00000000
    1    2
 -0.10021149  -0.05932132     0.02877523   0.11877261    -0.06705074  -0.04157966
  0.02877523   0.11877261    -0.10021149  -0.05932132    -0.06705074  -0.04157966
 -0.06705074  -0.04157966    -0.06705074  -0.04157966    -0.10423278  -0.07375973
    2    1
 -0.10021149   0.05932132     0.02877523  -0.11877261    -0.06705074   0.04157966
  0.02877523  -0.11877261    -0.10021149   0.05932132    -0.06705074   0.04157966
 -0.06705074   0.04157966    -0.06705074   0.04157966    -0.10423278   0.07375973
    2    2
  0.26582781   0.00000000     0.01122835   0.00000000    -0.01171721   0.00796674
  0.01122835   0.00000000     0.26582781   0.00000000    -0.01171721   0.00796674
 -0.01171721  -0.00796674    -0.01171721  -0.00796674     0.29536936   0.00000000

     Dynamical  Matrix in cartesian axes

     q = (    0.666666667   0.666666667   0.333333333 ) 

    1    1
  0.26582781   0.00000000     0.01122835   0.00000000     0.01171721   0.00796674
  0.01122835   0.00000000     0.26582781   0.00000000     0.01171721   0.00796674
  0.01171721  -0.00796674     0.01171721  -0.00796674     0.29536936   0.00000000
    1    2
  0.10147952  -0.05712504    -0.11724771  -0.03446622    -0.06953441   0.03727781
 -0.11724771  -0.03446622     0.10147952  -0.05712504    -0.06953441   0.03727781
 -0.06953441   0.03727781    -0.06953441   0.03727781     0.11599419  -0.05338837
    2    1
  0.10147952   0.05712504    -0.11724771   0.03446622    -0.06953441  -0.03727781
 -0.11724771   0.03446622     0.10147952   0.05712504    -0.06953441  -0.03727781
 -0.06953441  -0.03727781    -0.06953441  -0.03727781     0.11599419   0.05338837
    2    2
  0.26582781   0.00000000     0.01122835   0.00000000     0.01171721  -0.00796674
  0.01122835   0.00000000     0.26582781   0.00000000     0.01171721  -0.00796674
  0.01171721   0.00796674     0.01171721   0.00796674     0.29536936   0.00000000

     Dynamical  Matrix in cartesian axes

     q = (    0.333333333  -0.666666667  -0.666666667 ) 

    1    1
  0.29536936   0.00000000    -0.01171721   0.00796674    -0.01171721   0.00796674
 -0.01171721  -0.00796674     0.26582781   0.00000000     0.01122835   0.00000000
 -0.01171721  -0.00796674     0.01122835   0.00000000     0.26582781   0.00000000
    1    2
 -0.10423278  -0.07375973    -0.06705074  -0.04157966    -0.06705074  -0.04157966
 -0.06705074  -0.04157966    -0.10021149  -0.05932132     0.02877523   0.11877261
 -0.06705074  -0.04157966     0.02877523   0.11877261    -0.10021149  -0.05932132
    2    1
 -0.10423278   0.07375973    -0.06705074   0.04157966    -0.06705074   0.04157966
 -0.06705074   0.04157966    -0.10021149   0.05932132     0.02877523  -0.11877261
 -0.06705074   0.04157966     0.02877523  -0.11877261    -0.10021149   0.05932132
    2    2
  0.29536936   0.00000000    -0.01171721  -0.00796674    -0.01171721  -0.00796674
 -0.01171721   0.00796674     0.26582781   0.00000000     0.01122835   0.00000000
 -0.01171721   0.00796674     0.01122835   0.00000000     0.26582781   0.00000000

     Dynamical  Matrix in cartesian axes

     q = (    0.666666667  -0.666666667  -0.333333333 ) 

    1    1
  0.26582781   0.00000000    -0.01122835   0.00000000    -0.01171721  -0.00796674
 -0.01122835   0.00000000     0.26582781   0.00000000     0.01171721   0.00796674
 -0.01171721   0.00796674     0.01171721  -0.00796674     0.29536936   0.00000000
    1    2
 -0.10147952   0.05712504    -0.11724771  -0.03446622    -0.06953441   0.03727781
 -0.11724771  -0.03446622    -0.10147952   0.05712504     0.06953441  -0.03727781
 -0.06953441   0.03727781     0.06953441  -0.03727781    -0.11599419   0.05338837
    2    1
 -0.10147952  -0.05712504    -0.11724771   0.03446622    -0.06953441  -0.03727781
 -0.11724771   0.03446622    -0.10147952  -0.05712504     0.06953441   0.03727781
 -0.06953441  -0.03727781     0.06953441   0.03727781    -0.11599419  -0.05338837
    2    2
  0.26582781   0.00000000    -0.01122835   0.00000000    -0.01171721   0.00796674
 -0.01122835   0.00000000     0.26582781   0.00000000     0.01171721  -0.00796674
 -0.01171721  -0.00796674     0.01171721   0.00796674     0.29536936   0.00000000

     Diagonalizing the dynamical matrix

     q = (    0.666666667  -0.333333333   0.666666667 ) 

 **************************************************************************
     freq (    1) =       3.830368 [THz] =     127.767310 [cm-1]
 ( -0.293288  0.404947  0.000000  0.000000  0.293288 -0.404947 ) 
 ( -0.500000  0.000000  0.000000  0.000000  0.500000  0.000000 ) 
     freq (    2) =       5.209007 [THz] =     173.753765 [cm-1]
 (  0.327516  0.033755  0.508908 -0.155566  0.327516  0.033755 ) 
 (  0.329250 -0.000000  0.490278  0.206920  0.329250  0.000000 ) 
     freq (    3) =       9.811249 [THz] =     327.268037 [cm-1]
 (  0.144756 -0.382423  0.097640  0.395048  0.144756 -0.382423 ) 
 ( -0.408903  0.000000  0.334900  0.231168 -0.408903  0.000000 ) 
     freq (    4) =      12.293299 [THz] =     410.060319 [cm-1]
 (  0.102287 -0.343021  0.110546  0.481173  0.102287 -0.343021 ) 
 (  0.357947 -0.000000 -0.429519 -0.243436  0.357947  0.000000 ) 
     freq (    5) =      14.163868 [THz] =     472.455779 [cm-1]
 (  0.293288 -0.404947  0.000000 -0.000000 -0.293288  0.404947 ) 
 ( -0.500000  0.000000 -0.000000 -0.000000  0.500000  0.000000 ) 
     freq (    6) =      14.474736 [THz] =     482.825227 [cm-1]
 (  0.274784  0.144084  0.538897 -0.130603  0.274784  0.144084 ) 
 ( -0.310268  0.000000 -0.416615 -0.365922 -0.310268  0.000000 ) 
 **************************************************************************
