Dynamical matrix file
phonons of Si                                                              
  1    2   2  10.2000000   0.0000000   0.0000000   0.0000000   0.0000000   0.0000000
           1  'Si  '    25598.823011949724     
    1    1      0.0000000000      0.0000000000      0.0000000000
    2    1      0.2500000000      0.2500000000      0.2500000000

     Dynamical  Matrix in cartesian axes

     q = (    0.833333333  -0.166666667   0.833333333 ) 

    1    1
  0.24898366   0.00000000    -0.00303113   0.00803035     0.00378138   0.00000000
 -0.00303113  -0.00803035     0.32583729   0.00000000    -0.00303113  -0.00803035
  0.00378138   0.00000000    -0.00303113   0.00803035     0.24898366   0.00000000
    1    2
 -0.03010301   0.05418062    -0.02013881   0.03684529    -0.12049682  -0.12811674
 -0.02013881   0.03684529    -0.02397414   0.06725267    -0.02013881   0.03684529
 -0.12049682  -0.12811674    -0.02013881   0.03684529    -0.03010301   0.05418062
    2    1
 -0.03010301  -0.05418062    -0.02013881  -0.03684529    -0.12049682   0.12811674
 -0.02013881  -0.03684529    -0.02397414  -0.06725267    -0.02013881  -0.03684529
 -0.12049682   0.12811674    -0.02013881  -0.03684529    -0.03010301  -0.05418062
    2    2
  0.24898366   0.00000000    -0.00303113  -0.00803035     0.00378138   0.00000000
 -0.00303113   0.00803035     0.32583729   0.00000000    -0.00303113   0.00803035
  0.00378138   0.00000000    -0.00303113  -0.00803035     0.24898366   0.00000000

     Dynamical  Matrix in cartesian axes

     q = (   -0.833333333  -0.166666667   0.833333333 ) 

    1    1
  0.24898366   0.00000000     0.00303113   0.00803035    -0.00378138   0.00000000
  0.00303113  -0.00803035     0.32583729   0.00000000    -0.00303113   0.00803035
 -0.00378138   0.00000000    -0.00303113  -0.00803035     0.24898366   0.00000000
    1    2
 -0.03187029   0.05316028     0.02183955  -0.03586337    -0.17120076  -0.04029493
  0.02183955  -0.03586337    -0.04625545   0.05438855    -0.02183955   0.03586337
 -0.17120076  -0.04029493    -0.02183955   0.03586337    -0.03187029   0.05316028
    2    1
 -0.03187029  -0.05316028     0.02183955   0.03586337    -0.17120076   0.04029493
  0.02183955   0.03586337    -0.04625545  -0.05438855    -0.02183955  -0.03586337
 -0.17120076   0.04029493    -0.02183955  -0.03586337    -0.03187029  -0.05316028
    2    2
  0.24898366   0.00000000     0.00303113  -0.00803035    -0.00378138   0.00000000
  0.00303113   0.00803035     0.32583729   0.00000000    -0.00303113  -0.00803035
 -0.00378138   0.00000000    -0.00303113   0.00803035     0.24898366   0.00000000

     Dynamical  Matrix in cartesian axes

     q = (    0.833333333  -0.166666667  -0.833333333 ) 

    1    1
  0.24898366   0.00000000    -0.00303113  -0.00803035    -0.00378138   0.00000000
 -0.00303113   0.00803035     0.32583729   0.00000000     0.00303113  -0.00803035
 -0.00378138   0.00000000     0.00303113   0.00803035     0.24898366   0.00000000
    1    2
 -0.03187029   0.05316028    -0.02183955   0.03586337    -0.17120076  -0.04029493
 -0.02183955   0.03586337    -0.04625545   0.05438855     0.02183955  -0.03586337
 -0.17120076  -0.04029493     0.02183955  -0.03586337    -0.03187029   0.05316028
    2    1
 -0.03187029  -0.05316028    -0.02183955  -0.03586337    -0.17120076   0.04029493
 -0.02183955  -0.03586337    -0.04625545  -0.05438855     0.02183955   0.03586337
 -0.17120076   0.04029493     0.02183955   0.03586337    -0.03187029  -0.05316028
    2    2
  0.24898366   0.00000000    -0.00303113   0.00803035    -0.00378138   0.00000000
 -0.00303113  -0.00803035     0.32583729   0.00000000     0.00303113   0.00803035
 -0.00378138   0.00000000     0.00303113  -0.00803035     0.24898366   0.00000000

     Dynamical  Matrix in cartesian axes

     q = (   -0.833333333  -0.166666667  -0.833333333 ) 

    1    1
  0.24898366   0.00000000     0.00303113  -0.00803035     0.00378138   0.00000000
  0.00303113   0.00803035     0.32583729   0.00000000     0.00303113   0.00803035
  0.00378138   0.00000000     0.00303113  -0.00803035     0.24898366   0.00000000
    1    2
  0.03187029   0.05316028    -0.02183955  -0.03586337    -0.17120076   0.04029493
 -0.02183955  -0.03586337     0.04625545   0.05438855    -0.02183955  -0.03586337
 -0.17120076   0.04029493    -0.02183955  -0.03586337     0.03187029   0.05316028
    2    1
  0.03187029  -0.05316028    -0.02183955   0.03586337    -0.17120076  -0.04029493
 -0.02183955   0.03586337     0.04625545  -0.05438855    -0.02183955   0.03586337
 -0.17120076  -0.04029493    -0.02183955   0.03586337     0.03187029  -0.05316028
    2    2
  0.24898366   0.00000000     0.00303113   0.00803035     0.00378138   0.00000000
  0.00303113  -0.00803035     0.32583729   0.00000000     0.00303113  -0.00803035
  0.00378138   0.00000000     0.00303113   0.00803035     0.24898366   0.00000000

     Dynamical  Matrix in cartesian axes

     q = (   -0.166666667   0.833333333  -0.833333333 ) 

    1    1
  0.32583729   0.00000000    -0.00303113   0.00803035     0.00303113  -0.00803035
 -0.00303113  -0.00803035     0.24898366   0.00000000    -0.00378138   0.00000000
  0.00303113   0.00803035    -0.00378138   0.00000000     0.24898366   0.00000000
    1    2
 -0.04625545   0.05438855    -0.02183955   0.03586337     0.02183955  -0.03586337
 -0.02183955   0.03586337    -0.03187029   0.05316028    -0.17120076  -0.04029493
  0.02183955  -0.03586337    -0.17120076  -0.04029493    -0.03187029   0.05316028
    2    1
 -0.04625545  -0.05438855    -0.02183955  -0.03586337     0.02183955   0.03586337
 -0.02183955  -0.03586337    -0.03187029  -0.05316028    -0.17120076   0.04029493
  0.02183955   0.03586337    -0.17120076   0.04029493    -0.03187029  -0.05316028
    2    2
  0.32583729   0.00000000    -0.00303113  -0.00803035     0.00303113   0.00803035
 -0.00303113   0.00803035     0.24898366   0.00000000    -0.00378138   0.00000000
  0.00303113  -0.00803035    -0.00378138   0.00000000     0.24898366   0.00000000

     Dynamical  Matrix in cartesian axes

     q = (   -0.833333333   0.833333333  -0.166666667 ) 

    1    1
  0.24898366   0.00000000    -0.00378138   0.00000000     0.00303113   0.00803035
 -0.00378138   0.00000000     0.24898366   0.00000000    -0.00303113  -0.00803035
  0.00303113  -0.00803035    -0.00303113   0.00803035     0.32583729   0.00000000
    1    2
 -0.03187029   0.05316028    -0.17120076  -0.04029493     0.02183955  -0.03586337
 -0.17120076  -0.04029493    -0.03187029   0.05316028    -0.02183955   0.03586337
  0.02183955  -0.03586337    -0.02183955   0.03586337    -0.04625545   0.05438855
    2    1
 -0.03187029  -0.05316028    -0.17120076   0.04029493     0.02183955   0.03586337
 -0.17120076   0.04029493    -0.03187029  -0.05316028    -0.02183955  -0.03586337
  0.02183955   0.03586337    -0.02183955  -0.03586337    -0.04625545  -0.05438855
    2    2
  0.24898366   0.00000000    -0.00378138   0.00000000     0.00303113  -0.00803035
 -0.00378138   0.00000000     0.24898366   0.00000000    -0.00303113   0.00803035
  0.00303113   0.00803035    -0.00303113  -0.00803035     0.32583729   0.00000000

     Dynamical  Matrix in cartesian axes

     q = (    0.833333333   0.166666667   0.833333333 ) 

    1    1
  0.24898366   0.00000000     0.00303113   0.00803035     0.00378138   0.00000000
  0.00303113  -0.00803035     0.32583729   0.00000000     0.00303113  -0.00803035
  0.00378138   0.00000000     0.00303113   0.00803035     0.24898366   0.00000000
    1    2
  0.03187029  -0.05316028    -0.02183955   0.03586337    -0.17120076  -0.04029493
 -0.02183955   0.03586337     0.04625545  -0.05438855    -0.02183955   0.03586337
 -0.17120076  -0.04029493    -0.02183955   0.03586337     0.03187029  -0.05316028
    2    1
  0.03187029   0.05316028    -0.02183955  -0.03586337    -0.17120076   0.04029493
 -0.02183955  -0.03586337     0.04625545   0.05438855    -0.02183955  -0.03586337
 -0.17120076   0.04029493    -0.02183955  -0.03586337     0.03187029   0.05316028
    2    2
  0.24898366   0.00000000     0.00303113  -0.00803035     0.00378138   0.00000000
  0.00303113   0.00803035     0.32583729   0.00000000     0.00303113   0.00803035
  0.00378138   0.00000000     0.00303113  -0.00803035     0.24898366   0.00000000

     Dynamical  Matrix in cartesian axes

     q = (   -0.833333333   0.166666667   0.833333333 ) 

    1    1
  0.24898366   0.00000000    -0.00303113   0.00803035    -0.00378138   0.00000000
 -0.00303113  -0.00803035     0.32583729   0.00000000     0.00303113   0.00803035
 -0.00378138   0.00000000     0.00303113  -0.00803035     0.24898366   0.00000000
    1    2
 -0.03187029  -0.05316028    -0.02183955  -0.03586337    -0.17120076   0.04029493
 -0.02183955  -0.03586337    -0.04625545  -0.05438855     0.02183955   0.03586337
 -0.17120076   0.04029493     0.02183955   0.03586337    -0.03187029  -0.05316028
    2    1
 -0.03187029   0.05316028    -0.02183955   0.03586337    -0.17120076  -0.04029493
 -0.02183955   0.03586337    -0.04625545   0.05438855     0.02183955  -0.03586337
 -0.17120076  -0.04029493     0.02183955  -0.03586337    -0.03187029   0.05316028
    2    2
  0.24898366   0.00000000    -0.00303113  -0.00803035    -0.00378138   0.00000000
 -0.00303113   0.00803035     0.32583729   0.00000000     0.00303113  -0.00803035
 -0.00378138   0.00000000     0.00303113   0.00803035     0.24898366   0.00000000

     Dynamical  Matrix in cartesian axes

     q = (    0.833333333   0.166666667  -0.833333333 ) 

    1    1
  0.24898366   0.00000000     0.00303113  -0.00803035    -0.00378138   0.00000000
  0.00303113   0.00803035     0.32583729   0.00000000    -0.00303113  -0.00803035
 -0.00378138   0.00000000    -0.00303113   0.00803035     0.24898366   0.00000000
    1    2
 -0.03187029  -0.05316028     0.02183955   0.03586337    -0.17120076   0.04029493
  0.02183955   0.03586337    -0.04625545  -0.05438855    -0.02183955  -0.03586337
 -0.17120076   0.04029493    -0.02183955  -0.03586337    -0.03187029  -0.05316028
    2    1
 -0.03187029   0.05316028     0.02183955  -0.03586337    -0.17120076  -0.04029493
  0.02183955  -0.03586337    -0.04625545   0.05438855    -0.02183955   0.03586337
 -0.17120076  -0.04029493    -0.02183955   0.03586337    -0.03187029   0.05316028
    2    2
  0.24898366   0.00000000     0.00303113   0.00803035    -0.00378138   0.00000000
  0.00303113  -0.00803035     0.32583729   0.00000000    -0.00303113   0.00803035
 -0.00378138   0.00000000    -0.00303113  -0.00803035     0.24898366   0.00000000

     Dynamical  Matrix in cartesian axes

     q = (   -0.166666667   0.833333333   0.833333333 ) 

    1    1
  0.32583729   0.00000000    -0.00303113  -0.00803035    -0.00303113  -0.00803035
 -0.00303113   0.00803035     0.24898366   0.00000000     0.00378138   0.00000000
 -0.00303113   0.00803035     0.00378138   0.00000000     0.24898366   0.00000000
    1    2
 -0.02397414   0.06725267    -0.02013881   0.03684529    -0.02013881   0.03684529
 -0.02013881   0.03684529    -0.03010301   0.05418062    -0.12049682  -0.12811674
 -0.02013881   0.03684529    -0.12049682  -0.12811674    -0.03010301   0.05418062
    2    1
 -0.02397414  -0.06725267    -0.02013881  -0.03684529    -0.02013881  -0.03684529
 -0.02013881  -0.03684529    -0.03010301  -0.05418062    -0.12049682   0.12811674
 -0.02013881  -0.03684529    -0.12049682   0.12811674    -0.03010301  -0.05418062
    2    2
  0.32583729   0.00000000    -0.00303113   0.00803035    -0.00303113   0.00803035
 -0.00303113  -0.00803035     0.24898366   0.00000000     0.00378138   0.00000000
 -0.00303113  -0.00803035     0.00378138   0.00000000     0.24898366   0.00000000

     Dynamical  Matrix in cartesian axes

     q = (    0.166666667   0.833333333  -0.833333333 ) 

    1    1
  0.32583729   0.00000000     0.00303113   0.00803035    -0.00303113  -0.00803035
  0.00303113  -0.00803035     0.24898366   0.00000000    -0.00378138   0.00000000
 -0.00303113   0.00803035    -0.00378138   0.00000000     0.24898366   0.00000000
    1    2
 -0.04625545  -0.05438855     0.02183955   0.03586337    -0.02183955  -0.03586337
  0.02183955   0.03586337    -0.03187029  -0.05316028    -0.17120076   0.04029493
 -0.02183955  -0.03586337    -0.17120076   0.04029493    -0.03187029  -0.05316028
    2    1
 -0.04625545   0.05438855     0.02183955  -0.03586337    -0.02183955   0.03586337
  0.02183955  -0.03586337    -0.03187029   0.05316028    -0.17120076  -0.04029493
 -0.02183955   0.03586337    -0.17120076  -0.04029493    -0.03187029   0.05316028
    2    2
  0.32583729   0.00000000     0.00303113  -0.00803035    -0.00303113   0.00803035
  0.00303113   0.00803035     0.24898366   0.00000000    -0.00378138   0.00000000
 -0.00303113  -0.00803035    -0.00378138   0.00000000     0.24898366   0.00000000

     Dynamical  Matrix in cartesian axes

     q = (   -0.166666667  -0.833333333  -0.833333333 ) 

    1    1
  0.32583729   0.00000000     0.00303113   0.00803035     0.00303113   0.00803035
  0.00303113  -0.00803035     0.24898366   0.00000000     0.00378138   0.00000000
  0.00303113  -0.00803035     0.00378138   0.00000000     0.24898366   0.00000000
    1    2
  0.04625545   0.05438855    -0.02183955  -0.03586337    -0.02183955  -0.03586337
 -0.02183955  -0.03586337     0.03187029   0.05316028    -0.17120076   0.04029493
 -0.02183955  -0.03586337    -0.17120076   0.04029493     0.03187029   0.05316028
    2    1
  0.04625545  -0.05438855    -0.02183955   0.03586337    -0.02183955   0.03586337
 -0.02183955   0.03586337     0.03187029  -0.05316028    -0.17120076  -0.04029493
 -0.02183955   0.03586337    -0.17120076  -0.04029493     0.03187029  -0.05316028
    2    2
  0.32583729   0.00000000     0.00303113  -0.00803035     0.00303113  -0.00803035
  0.00303113   0.00803035     0.24898366   0.00000000     0.00378138   0.00000000
  0.00303113   0.00803035     0.00378138   0.00000000     0.24898366   0.00000000

     Dynamical  Matrix in cartesian axes

     q = (    0.833333333  -0.833333333   0.166666667 ) 

    1    1
  0.24898366   0.00000000    -0.00378138   0.00000000     0.00303113  -0.00803035
 -0.00378138   0.00000000     0.24898366   0.00000000    -0.00303113   0.00803035
  0.00303113   0.00803035    -0.00303113  -0.00803035     0.32583729   0.00000000
    1    2
 -0.03187029  -0.05316028    -0.17120076   0.04029493     0.02183955   0.03586337
 -0.17120076   0.04029493    -0.03187029  -0.05316028    -0.02183955  -0.03586337
  0.02183955   0.03586337    -0.02183955  -0.03586337    -0.04625545  -0.05438855
    2    1
 -0.03187029   0.05316028    -0.17120076  -0.04029493     0.02183955  -0.03586337
 -0.17120076  -0.04029493    -0.03187029   0.05316028    -0.02183955   0.03586337
  0.02183955  -0.03586337    -0.02183955   0.03586337    -0.04625545   0.05438855
    2    2
  0.24898366   0.00000000    -0.00378138   0.00000000     0.00303113   0.00803035
 -0.00378138   0.00000000     0.24898366   0.00000000    -0.00303113  -0.00803035
  0.00303113  -0.00803035    -0.00303113   0.00803035     0.32583729   0.00000000

     Dynamical  Matrix in cartesian axes

     q = (    0.833333333   0.833333333  -0.166666667 ) 

    1    1
  0.24898366   0.00000000     0.00378138   0.00000000    -0.00303113   0.00803035
  0.00378138   0.00000000     0.24898366   0.00000000    -0.00303113   0.00803035
 -0.00303113  -0.00803035    -0.00303113  -0.00803035     0.32583729   0.00000000
    1    2
 -0.03010301   0.05418062    -0.12049682  -0.12811674    -0.02013881   0.03684529
 -0.12049682  -0.12811674    -0.03010301   0.05418062    -0.02013881   0.03684529
 -0.02013881   0.03684529    -0.02013881   0.03684529    -0.02397414   0.06725267
    2    1
 -0.03010301  -0.05418062    -0.12049682   0.12811674    -0.02013881  -0.03684529
 -0.12049682   0.12811674    -0.03010301  -0.05418062    -0.02013881  -0.03684529
 -0.02013881  -0.03684529    -0.02013881  -0.03684529    -0.02397414  -0.06725267
    2    2
  0.24898366   0.00000000     0.00378138   0.00000000    -0.00303113  -0.00803035
  0.00378138   0.00000000     0.24898366   0.00000000    -0.00303113  -0.00803035
 -0.00303113   0.00803035    -0.00303113   0.00803035     0.32583729   0.00000000

     Dynamical  Matrix in cartesian axes

     q = (   -0.833333333  -0.833333333  -0.166666667 ) 

    1    1
  0.24898366   0.00000000     0.00378138   0.00000000     0.00303113  -0.00803035
  0.00378138   0.00000000     0.24898366   0.00000000     0.00303113  -0.00803035
  0.00303113   0.00803035     0.00303113   0.00803035     0.32583729   0.00000000
    1    2
  0.03187029   0.05316028    -0.17120076   0.04029493    -0.02183955  -0.03586337
 -0.17120076   0.04029493     0.03187029   0.05316028    -0.02183955  -0.03586337
 -0.02183955  -0.03586337    -0.02183955  -0.03586337     0.04625545   0.05438855
    2    1
  0.03187029  -0.05316028    -0.17120076  -0.04029493    -0.02183955   0.03586337
 -0.17120076  -0.04029493     0.03187029  -0.05316028    -0.02183955   0.03586337
 -0.02183955   0.03586337    -0.02183955   0.03586337     0.04625545  -0.05438855
    2    2
  0.24898366   0.00000000     0.00378138   0.00000000     0.00303113   0.00803035
  0.00378138   0.00000000     0.24898366   0.00000000     0.00303113   0.00803035
  0.00303113  -0.00803035     0.00303113  -0.00803035     0.32583729   0.00000000

     Dynamical  Matrix in cartesian axes

     q = (   -0.833333333   0.833333333   0.166666667 ) 

    1    1
  0.24898366   0.00000000    -0.00378138   0.00000000    -0.00303113   0.00803035
 -0.00378138   0.00000000     0.24898366   0.00000000     0.00303113  -0.00803035
 -0.00303113  -0.00803035     0.00303113   0.00803035     0.32583729   0.00000000
    1    2
 -0.03187029  -0.05316028    -0.17120076   0.04029493    -0.02183955  -0.03586337
 -0.17120076   0.04029493    -0.03187029  -0.05316028     0.02183955   0.03586337
 -0.02183955  -0.03586337     0.02183955   0.03586337    -0.04625545  -0.05438855
    2    1
 -0.03187029   0.05316028    -0.17120076  -0.04029493    -0.02183955   0.03586337
 -0.17120076  -0.04029493    -0.03187029   0.05316028     0.02183955  -0.03586337
 -0.02183955   0.03586337     0.02183955  -0.03586337    -0.04625545   0.05438855
    2    2
  0.24898366   0.00000000    -0.00378138   0.00000000    -0.00303113  -0.00803035
 -0.00378138   0.00000000     0.24898366   0.00000000     0.00303113   0.00803035
 -0.00303113   0.00803035     0.00303113  -0.00803035     0.32583729   0.00000000

     Dynamical  Matrix in cartesian axes

     q = (    0.166666667  -0.833333333   0.833333333 ) 

    1    1
  0.32583729   0.00000000    -0.00303113  -0.00803035     0.00303113   0.00803035
 -0.00303113   0.00803035     0.24898366   0.00000000    -0.00378138   0.00000000
  0.00303113  -0.00803035    -0.00378138   0.00000000     0.24898366   0.00000000
    1    2
 -0.04625545  -0.05438855    -0.02183955  -0.03586337     0.02183955   0.03586337
 -0.02183955  -0.03586337    -0.03187029  -0.05316028    -0.17120076   0.04029493
  0.02183955   0.03586337    -0.17120076   0.04029493    -0.03187029  -0.05316028
    2    1
 -0.04625545   0.05438855    -0.02183955   0.03586337     0.02183955  -0.03586337
 -0.02183955   0.03586337    -0.03187029   0.05316028    -0.17120076  -0.04029493
  0.02183955  -0.03586337    -0.17120076  -0.04029493    -0.03187029   0.05316028
    2    2
  0.32583729   0.00000000    -0.00303113   0.00803035     0.00303113  -0.00803035
 -0.00303113  -0.00803035     0.24898366   0.00000000    -0.00378138   0.00000000
  0.00303113   0.00803035    -0.00378138   0.00000000     0.24898366   0.00000000

     Dynamical  Matrix in cartesian axes

     q = (    0.166666667   0.833333333   0.833333333 ) 

    1    1
  0.32583729   0.00000000     0.00303113  -0.00803035     0.00303113  -0.00803035
  0.00303113   0.00803035     0.24898366   0.00000000     0.00378138   0.00000000
  0.00303113   0.00803035     0.00378138   0.00000000     0.24898366   0.00000000
    1    2
  0.04625545  -0.05438855    -0.02183955   0.03586337    -0.02183955   0.03586337
 -0.02183955   0.03586337     0.03187029  -0.05316028    -0.17120076  -0.04029493
 -0.02183955   0.03586337    -0.17120076  -0.04029493     0.03187029  -0.05316028
    2    1
  0.04625545   0.05438855    -0.02183955  -0.03586337    -0.02183955  -0.03586337
 -0.02183955  -0.03586337     0.03187029   0.05316028    -0.17120076   0.04029493
 -0.02183955  -0.03586337    -0.17120076   0.04029493     0.03187029   0.05316028
    2    2
  0.32583729   0.00000000     0.00303113   0.00803035     0.00303113   0.00803035
  0.00303113  -0.00803035     0.24898366   0.00000000     0.00378138   0.00000000
  0.00303113  -0.00803035     0.00378138   0.00000000     0.24898366   0.00000000

     Dynamical  Matrix in cartesian axes

     q = (   -0.833333333   0.166666667  -0.833333333 ) 

    1    1
  0.24898366   0.00000000    -0.00303113  -0.00803035     0.00378138   0.00000000
 -0.00303113   0.00803035     0.32583729   0.00000000    -0.00303113   0.00803035
  0.00378138   0.00000000    -0.00303113  -0.00803035     0.24898366   0.00000000
    1    2
 -0.03010301  -0.05418062    -0.02013881  -0.03684529    -0.12049682   0.12811674
 -0.02013881  -0.03684529    -0.02397414  -0.06725267    -0.02013881  -0.03684529
 -0.12049682   0.12811674    -0.02013881  -0.03684529    -0.03010301  -0.05418062
    2    1
 -0.03010301   0.05418062    -0.02013881   0.03684529    -0.12049682  -0.12811674
 -0.02013881   0.03684529    -0.02397414   0.06725267    -0.02013881   0.03684529
 -0.12049682  -0.12811674    -0.02013881   0.03684529    -0.03010301   0.05418062
    2    2
  0.24898366   0.00000000    -0.00303113   0.00803035     0.00378138   0.00000000
 -0.00303113  -0.00803035     0.32583729   0.00000000    -0.00303113  -0.00803035
  0.00378138   0.00000000    -0.00303113   0.00803035     0.24898366   0.00000000

     Dynamical  Matrix in cartesian axes

     q = (   -0.166666667  -0.833333333   0.833333333 ) 

    1    1
  0.32583729   0.00000000     0.00303113  -0.00803035    -0.00303113   0.00803035
  0.00303113   0.00803035     0.24898366   0.00000000    -0.00378138   0.00000000
 -0.00303113  -0.00803035    -0.00378138   0.00000000     0.24898366   0.00000000
    1    2
 -0.04625545   0.05438855     0.02183955  -0.03586337    -0.02183955   0.03586337
  0.02183955  -0.03586337    -0.03187029   0.05316028    -0.17120076  -0.04029493
 -0.02183955   0.03586337    -0.17120076  -0.04029493    -0.03187029   0.05316028
    2    1
 -0.04625545  -0.05438855     0.02183955   0.03586337    -0.02183955  -0.03586337
  0.02183955   0.03586337    -0.03187029  -0.05316028    -0.17120076   0.04029493
 -0.02183955  -0.03586337    -0.17120076   0.04029493    -0.03187029  -0.05316028
    2    2
  0.32583729   0.00000000     0.00303113   0.00803035    -0.00303113  -0.00803035
  0.00303113  -0.00803035     0.24898366   0.00000000    -0.00378138   0.00000000
 -0.00303113   0.00803035    -0.00378138   0.00000000     0.24898366   0.00000000

     Dynamical  Matrix in cartesian axes

     q = (   -0.833333333  -0.833333333   0.166666667 ) 

    1    1
  0.24898366   0.00000000     0.00378138   0.00000000    -0.00303113  -0.00803035
  0.00378138   0.00000000     0.24898366   0.00000000    -0.00303113  -0.00803035
 -0.00303113   0.00803035    -0.00303113   0.00803035     0.32583729   0.00000000
    1    2
 -0.03010301  -0.05418062    -0.12049682   0.12811674    -0.02013881  -0.03684529
 -0.12049682   0.12811674    -0.03010301  -0.05418062    -0.02013881  -0.03684529
 -0.02013881  -0.03684529    -0.02013881  -0.03684529    -0.02397414  -0.06725267
    2    1
 -0.03010301   0.05418062    -0.12049682  -0.12811674    -0.02013881   0.03684529
 -0.12049682  -0.12811674    -0.03010301   0.05418062    -0.02013881   0.03684529
 -0.02013881   0.03684529    -0.02013881   0.03684529    -0.02397414   0.06725267
    2    2
  0.24898366   0.00000000     0.00378138   0.00000000    -0.00303113   0.00803035
  0.00378138   0.00000000     0.24898366   0.00000000    -0.00303113   0.00803035
 -0.00303113  -0.00803035    -0.00303113  -0.00803035     0.32583729   0.00000000

     Dynamical  Matrix in cartesian axes

     q = (    0.833333333   0.833333333   0.166666667 ) 

    1    1
  0.24898366   0.00000000     0.00378138   0.00000000     0.00303113   0.00803035
  0.00378138   0.00000000     0.24898366   0.00000000     0.00303113   0.00803035
  0.00303113  -0.00803035     0.00303113  -0.00803035     0.32583729   0.00000000
    1    2
  0.03187029  -0.05316028    -0.17120076  -0.04029493    -0.02183955   0.03586337
 -0.17120076  -0.04029493     0.03187029  -0.05316028    -0.02183955   0.03586337
 -0.02183955   0.03586337    -0.02183955   0.03586337     0.04625545  -0.05438855
    2    1
  0.03187029   0.05316028    -0.17120076   0.04029493    -0.02183955  -0.03586337
 -0.17120076   0.04029493     0.03187029   0.05316028    -0.02183955  -0.03586337
 -0.02183955  -0.03586337    -0.02183955  -0.03586337     0.04625545   0.05438855
    2    2
  0.24898366   0.00000000     0.00378138   0.00000000     0.00303113  -0.00803035
  0.00378138   0.00000000     0.24898366   0.00000000     0.00303113  -0.00803035
  0.00303113   0.00803035     0.00303113   0.00803035     0.32583729   0.00000000

     Dynamical  Matrix in cartesian axes

     q = (    0.166666667  -0.833333333  -0.833333333 ) 

    1    1
  0.32583729   0.00000000    -0.00303113   0.00803035    -0.00303113   0.00803035
 -0.00303113  -0.00803035     0.24898366   0.00000000     0.00378138   0.00000000
 -0.00303113  -0.00803035     0.00378138   0.00000000     0.24898366   0.00000000
    1    2
 -0.02397414  -0.06725267    -0.02013881  -0.03684529    -0.02013881  -0.03684529
 -0.02013881  -0.03684529    -0.03010301  -0.05418062    -0.12049682   0.12811674
 -0.02013881  -0.03684529    -0.12049682   0.12811674    -0.03010301  -0.05418062
    2    1
 -0.02397414   0.06725267    -0.02013881   0.03684529    -0.02013881   0.03684529
 -0.02013881   0.03684529    -0.03010301   0.05418062    -0.12049682  -0.12811674
 -0.02013881   0.03684529    -0.12049682  -0.12811674    -0.03010301   0.05418062
    2    2
  0.32583729   0.00000000    -0.00303113  -0.00803035    -0.00303113  -0.00803035
 -0.00303113   0.00803035     0.24898366   0.00000000     0.00378138   0.00000000
 -0.00303113   0.00803035     0.00378138   0.00000000     0.24898366   0.00000000

     Dynamical  Matrix in cartesian axes

     q = (    0.833333333  -0.833333333  -0.166666667 ) 

    1    1
  0.24898366   0.00000000    -0.00378138   0.00000000    -0.00303113  -0.00803035
 -0.00378138   0.00000000     0.24898366   0.00000000     0.00303113   0.00803035
 -0.00303113   0.00803035     0.00303113  -0.00803035     0.32583729   0.00000000
    1    2
 -0.03187029   0.05316028    -0.17120076  -0.04029493    -0.02183955   0.03586337
 -0.17120076  -0.04029493    -0.03187029   0.05316028     0.02183955  -0.03586337
 -0.02183955   0.03586337     0.02183955  -0.03586337    -0.04625545   0.05438855
    2    1
 -0.03187029  -0.05316028    -0.17120076   0.04029493    -0.02183955  -0.03586337
 -0.17120076   0.04029493    -0.03187029  -0.05316028     0.02183955   0.03586337
 -0.02183955  -0.03586337     0.02183955   0.03586337    -0.04625545  -0.05438855
    2    2
  0.24898366   0.00000000    -0.00378138   0.00000000    -0.00303113   0.00803035
 -0.00378138   0.00000000     0.24898366   0.00000000     0.00303113  -0.00803035
 -0.00303113  -0.00803035     0.00303113   0.00803035     0.32583729   0.00000000

     Diagonalizing the dynamical matrix

     q = (    0.833333333  -0.166666667   0.833333333 ) 

 **************************************************************************
     freq (    1) =       4.200089 [THz] =     140.099895 [cm-1]
 ( -0.222122 -0.447953 -0.000000  0.000000  0.222122  0.447953 ) 
 (  0.500000 -0.000000  0.000000 -0.000000 -0.500000  0.000000 ) 
     freq (    2) =       5.579378 [THz] =     186.108028 [cm-1]
 (  0.444441  0.196550  0.122755 -0.112304  0.444441  0.196550 ) 
 (  0.485962 -0.000000  0.066845  0.152357  0.485962  0.000000 ) 
     freq (    3) =      10.234479 [THz] =     341.385462 [cm-1]
 ( -0.133292  0.123292 -0.488981 -0.441545 -0.133292  0.123292 ) 
 (  0.181570  0.000000  0.059143 -0.656176  0.181570  0.000000 ) 
     freq (    4) =      12.455560 [THz] =     415.472760 [cm-1]
 ( -0.171444 -0.208470  0.588495  0.089264 -0.171444 -0.208470 ) 
 (  0.269913 -0.000000 -0.442746 -0.397832  0.269913  0.000000 ) 
     freq (    5) =      13.773161 [THz] =     459.423185 [cm-1]
 (  0.222122  0.447953  0.000000 -0.000000 -0.222122 -0.447953 ) 
 (  0.500000  0.000000 -0.000000 -0.000000 -0.500000  0.000000 ) 
     freq (    6) =      14.079972 [THz] =     469.657307 [cm-1]
 (  0.366034  0.155046  0.326305 -0.278361  0.366034  0.155046 ) 
 ( -0.397517 -0.000000 -0.191892 -0.383585 -0.397517  0.000000 ) 
 **************************************************************************
