Dynamical matrix file
phonons of Si                                                              
  1    2   2  10.2000000   0.0000000   0.0000000   0.0000000   0.0000000   0.0000000
           1  'Si  '    25598.823011949724     
    1    1      0.0000000000      0.0000000000      0.0000000000
    2    1      0.2500000000      0.2500000000      0.2500000000

     Dynamical  Matrix in cartesian axes

     q = (   -0.333333333   0.333333333  -0.333333333 ) 

    1    1
  0.28233340   0.00000000    -0.01687207   0.00000000     0.01687207   0.00000000
 -0.01687207   0.00000000     0.28233340   0.00000000    -0.01687207   0.00000000
  0.01687207   0.00000000    -0.01687207   0.00000000     0.28233340   0.00000000
    1    2
 -0.17812183  -0.05082891    -0.06472217   0.03768392     0.06472217  -0.03768392
 -0.06472217   0.03768392    -0.17812183  -0.05082891    -0.06472217   0.03768392
  0.06472217  -0.03768392    -0.06472217   0.03768392    -0.17812183  -0.05082891
    2    1
 -0.17812183   0.05082891    -0.06472217  -0.03768392     0.06472217   0.03768392
 -0.06472217  -0.03768392    -0.17812183   0.05082891    -0.06472217  -0.03768392
  0.06472217   0.03768392    -0.06472217  -0.03768392    -0.17812183   0.05082891
    2    2
  0.28233340   0.00000000    -0.01687207   0.00000000     0.01687207   0.00000000
 -0.01687207   0.00000000     0.28233340   0.00000000    -0.01687207   0.00000000
  0.01687207   0.00000000    -0.01687207   0.00000000     0.28233340   0.00000000

     Dynamical  Matrix in cartesian axes

     q = (    0.333333333   0.333333333   0.333333333 ) 

    1    1
  0.28233340   0.00000000     0.01687207   0.00000000     0.01687207   0.00000000
  0.01687207   0.00000000     0.28233340   0.00000000     0.01687207   0.00000000
  0.01687207   0.00000000     0.01687207   0.00000000     0.28233340   0.00000000
    1    2
  0.04504179   0.17967249    -0.06499632  -0.03720909    -0.06499632  -0.03720909
 -0.06499632  -0.03720909     0.04504179   0.17967249    -0.06499632  -0.03720909
 -0.06499632  -0.03720909    -0.06499632  -0.03720909     0.04504179   0.17967249
    2    1
  0.04504179  -0.17967249    -0.06499632   0.03720909    -0.06499632   0.03720909
 -0.06499632   0.03720909     0.04504179  -0.17967249    -0.06499632   0.03720909
 -0.06499632   0.03720909    -0.06499632   0.03720909     0.04504179  -0.17967249
    2    2
  0.28233340   0.00000000     0.01687207   0.00000000     0.01687207   0.00000000
  0.01687207   0.00000000     0.28233340   0.00000000     0.01687207   0.00000000
  0.01687207   0.00000000     0.01687207   0.00000000     0.28233340   0.00000000

     Dynamical  Matrix in cartesian axes

     q = (   -0.333333333  -0.333333333  -0.333333333 ) 

    1    1
  0.28233340   0.00000000     0.01687207   0.00000000     0.01687207   0.00000000
  0.01687207   0.00000000     0.28233340   0.00000000     0.01687207   0.00000000
  0.01687207   0.00000000     0.01687207   0.00000000     0.28233340   0.00000000
    1    2
  0.04504179  -0.17967249    -0.06499632   0.03720909    -0.06499632   0.03720909
 -0.06499632   0.03720909     0.04504179  -0.17967249    -0.06499632   0.03720909
 -0.06499632   0.03720909    -0.06499632   0.03720909     0.04504179  -0.17967249
    2    1
  0.04504179   0.17967249    -0.06499632  -0.03720909    -0.06499632  -0.03720909
 -0.06499632  -0.03720909     0.04504179   0.17967249    -0.06499632  -0.03720909
 -0.06499632  -0.03720909    -0.06499632  -0.03720909     0.04504179   0.17967249
    2    2
  0.28233340   0.00000000     0.01687207   0.00000000     0.01687207   0.00000000
  0.01687207   0.00000000     0.28233340   0.00000000     0.01687207   0.00000000
  0.01687207   0.00000000     0.01687207   0.00000000     0.28233340   0.00000000

     Dynamical  Matrix in cartesian axes

     q = (    0.333333333  -0.333333333   0.333333333 ) 

    1    1
  0.28233340   0.00000000    -0.01687207   0.00000000     0.01687207   0.00000000
 -0.01687207   0.00000000     0.28233340   0.00000000    -0.01687207   0.00000000
  0.01687207   0.00000000    -0.01687207   0.00000000     0.28233340   0.00000000
    1    2
 -0.17812183   0.05082891    -0.06472217  -0.03768392     0.06472217   0.03768392
 -0.06472217  -0.03768392    -0.17812183   0.05082891    -0.06472217  -0.03768392
  0.06472217   0.03768392    -0.06472217  -0.03768392    -0.17812183   0.05082891
    2    1
 -0.17812183  -0.05082891    -0.06472217   0.03768392     0.06472217  -0.03768392
 -0.06472217   0.03768392    -0.17812183  -0.05082891    -0.06472217   0.03768392
  0.06472217  -0.03768392    -0.06472217   0.03768392    -0.17812183  -0.05082891
    2    2
  0.28233340   0.00000000    -0.01687207   0.00000000     0.01687207   0.00000000
 -0.01687207   0.00000000     0.28233340   0.00000000    -0.01687207   0.00000000
  0.01687207   0.00000000    -0.01687207   0.00000000     0.28233340   0.00000000

     Dynamical  Matrix in cartesian axes

     q = (    0.333333333  -0.333333333  -0.333333333 ) 

    1    1
  0.28233340   0.00000000    -0.01687207   0.00000000    -0.01687207   0.00000000
 -0.01687207   0.00000000     0.28233340   0.00000000     0.01687207   0.00000000
 -0.01687207   0.00000000     0.01687207   0.00000000     0.28233340   0.00000000
    1    2
 -0.17812183  -0.05082891    -0.06472217   0.03768392    -0.06472217   0.03768392
 -0.06472217   0.03768392    -0.17812183  -0.05082891     0.06472217  -0.03768392
 -0.06472217   0.03768392     0.06472217  -0.03768392    -0.17812183  -0.05082891
    2    1
 -0.17812183   0.05082891    -0.06472217  -0.03768392    -0.06472217  -0.03768392
 -0.06472217  -0.03768392    -0.17812183   0.05082891     0.06472217   0.03768392
 -0.06472217  -0.03768392     0.06472217   0.03768392    -0.17812183   0.05082891
    2    2
  0.28233340   0.00000000    -0.01687207   0.00000000    -0.01687207   0.00000000
 -0.01687207   0.00000000     0.28233340   0.00000000     0.01687207   0.00000000
 -0.01687207   0.00000000     0.01687207   0.00000000     0.28233340   0.00000000

     Dynamical  Matrix in cartesian axes

     q = (    0.333333333   0.333333333  -0.333333333 ) 

    1    1
  0.28233340   0.00000000     0.01687207   0.00000000    -0.01687207   0.00000000
  0.01687207   0.00000000     0.28233340   0.00000000    -0.01687207   0.00000000
 -0.01687207   0.00000000    -0.01687207   0.00000000     0.28233340   0.00000000
    1    2
 -0.17812183   0.05082891     0.06472217   0.03768392    -0.06472217  -0.03768392
  0.06472217   0.03768392    -0.17812183   0.05082891    -0.06472217  -0.03768392
 -0.06472217  -0.03768392    -0.06472217  -0.03768392    -0.17812183   0.05082891
    2    1
 -0.17812183  -0.05082891     0.06472217  -0.03768392    -0.06472217   0.03768392
  0.06472217  -0.03768392    -0.17812183  -0.05082891    -0.06472217   0.03768392
 -0.06472217   0.03768392    -0.06472217   0.03768392    -0.17812183  -0.05082891
    2    2
  0.28233340   0.00000000     0.01687207   0.00000000    -0.01687207   0.00000000
  0.01687207   0.00000000     0.28233340   0.00000000    -0.01687207   0.00000000
 -0.01687207   0.00000000    -0.01687207   0.00000000     0.28233340   0.00000000

     Dynamical  Matrix in cartesian axes

     q = (   -0.333333333  -0.333333333   0.333333333 ) 

    1    1
  0.28233340   0.00000000     0.01687207   0.00000000    -0.01687207   0.00000000
  0.01687207   0.00000000     0.28233340   0.00000000    -0.01687207   0.00000000
 -0.01687207   0.00000000    -0.01687207   0.00000000     0.28233340   0.00000000
    1    2
 -0.17812183  -0.05082891     0.06472217  -0.03768392    -0.06472217   0.03768392
  0.06472217  -0.03768392    -0.17812183  -0.05082891    -0.06472217   0.03768392
 -0.06472217   0.03768392    -0.06472217   0.03768392    -0.17812183  -0.05082891
    2    1
 -0.17812183   0.05082891     0.06472217   0.03768392    -0.06472217  -0.03768392
  0.06472217   0.03768392    -0.17812183   0.05082891    -0.06472217  -0.03768392
 -0.06472217  -0.03768392    -0.06472217  -0.03768392    -0.17812183   0.05082891
    2    2
  0.28233340   0.00000000     0.01687207   0.00000000    -0.01687207   0.00000000
  0.01687207   0.00000000     0.28233340   0.00000000    -0.01687207   0.00000000
 -0.01687207   0.00000000    -0.01687207   0.00000000     0.28233340   0.00000000

     Dynamical  Matrix in cartesian axes

     q = (   -0.333333333   0.333333333   0.333333333 ) 

    1    1
  0.28233340   0.00000000    -0.01687207   0.00000000    -0.01687207   0.00000000
 -0.01687207   0.00000000     0.28233340   0.00000000     0.01687207   0.00000000
 -0.01687207   0.00000000     0.01687207   0.00000000     0.28233340   0.00000000
    1    2
 -0.17812183   0.05082891    -0.06472217  -0.03768392    -0.06472217  -0.03768392
 -0.06472217  -0.03768392    -0.17812183   0.05082891     0.06472217   0.03768392
 -0.06472217  -0.03768392     0.06472217   0.03768392    -0.17812183   0.05082891
    2    1
 -0.17812183  -0.05082891    -0.06472217   0.03768392    -0.06472217   0.03768392
 -0.06472217   0.03768392    -0.17812183  -0.05082891     0.06472217  -0.03768392
 -0.06472217   0.03768392     0.06472217  -0.03768392    -0.17812183  -0.05082891
    2    2
  0.28233340   0.00000000    -0.01687207   0.00000000    -0.01687207   0.00000000
 -0.01687207   0.00000000     0.28233340   0.00000000     0.01687207   0.00000000
 -0.01687207   0.00000000     0.01687207   0.00000000     0.28233340   0.00000000

     Diagonalizing the dynamical matrix

     q = (   -0.333333333   0.333333333  -0.333333333 ) 

 **************************************************************************
     freq (    1) =       3.067929 [THz] =     102.335101 [cm-1]
 ( -0.267304 -0.022544  0.308654  0.008632  0.575957  0.031176 ) 
 ( -0.268131 -0.008063  0.308669 -0.008063  0.576801  0.000000 ) 
     freq (    2) =       3.067929 [THz] =     102.335101 [cm-1]
 ( -0.486025  0.158600 -0.460873  0.159962  0.025152  0.001361 ) 
 ( -0.476742  0.184638 -0.451553  0.184638  0.025188  0.000000 ) 
     freq (    3) =       8.743513 [THz] =     291.652209 [cm-1]
 ( -0.146921 -0.380895  0.146921  0.380895 -0.146921 -0.380895 ) 
 ( -0.408248  0.000000  0.408248 -0.000000 -0.408248  0.000000 ) 
     freq (    4) =      13.813874 [THz] =     460.781248 [cm-1]
 (  0.146921  0.380895 -0.146921 -0.380895  0.146921  0.380895 ) 
 ( -0.408248 -0.000000  0.408248  0.000000 -0.408248  0.000000 ) 
     freq (    5) =      14.664903 [THz] =     489.168503 [cm-1]
 (  0.540032 -0.083402  0.121967 -0.106032 -0.418065 -0.022630 ) 
 ( -0.534735  0.112469 -0.116057  0.112469  0.418677  0.000000 ) 
     freq (    6) =      14.664903 [THz] =     489.168503 [cm-1]
 (  0.150111 -0.110496  0.547076 -0.089008  0.396965  0.021487 ) 
 ( -0.143920  0.118448 -0.541465  0.118448 -0.397546  0.000000 ) 
 **************************************************************************
