Dynamical matrix file
phonons of Si                                                              
  1    2   2  10.2000000   0.0000000   0.0000000   0.0000000   0.0000000   0.0000000
           1  'Si  '    25598.823011949724     
    1    1      0.0000000000      0.0000000000      0.0000000000
    2    1      0.2500000000      0.2500000000      0.2500000000

     Dynamical  Matrix in cartesian axes

     q = (    0.000000000   0.666666667   0.000000000 ) 

    1    1
  0.24737297   0.00000000     0.00000000   0.00000000    -0.00000000  -0.00000000
  0.00000000   0.00000000     0.33595480   0.00000000     0.00000000   0.00000000
 -0.00000000  -0.00000000     0.00000000   0.00000000     0.24737297   0.00000000
    1    2
 -0.06220030   0.10773407     0.00000000   0.00000000    -0.14421341  -0.08326165
  0.00000000   0.00000000    -0.06839415   0.11846214    -0.00000000   0.00000000
 -0.14421341  -0.08326165     0.00000000   0.00000000    -0.06220030   0.10773407
    2    1
 -0.06220030  -0.10773407     0.00000000  -0.00000000    -0.14421341   0.08326165
  0.00000000   0.00000000    -0.06839415  -0.11846214    -0.00000000   0.00000000
 -0.14421341   0.08326165     0.00000000  -0.00000000    -0.06220030  -0.10773407
    2    2
  0.24737297   0.00000000     0.00000000   0.00000000    -0.00000000   0.00000000
  0.00000000   0.00000000     0.33595480   0.00000000    -0.00000000   0.00000000
 -0.00000000   0.00000000    -0.00000000   0.00000000     0.24737297   0.00000000

     Dynamical  Matrix in cartesian axes

     q = (    0.666666667   0.000000000   0.000000000 ) 

    1    1
  0.33595480   0.00000000     0.00000000   0.00000000     0.00000000   0.00000000
  0.00000000   0.00000000     0.24737297   0.00000000     0.00000000  -0.00000000
  0.00000000   0.00000000     0.00000000  -0.00000000     0.24737297   0.00000000
    1    2
 -0.06839415   0.11846214     0.00000000  -0.00000000    -0.00000000   0.00000000
  0.00000000  -0.00000000    -0.06220030   0.10773407    -0.14421341  -0.08326165
  0.00000000   0.00000000    -0.14421341  -0.08326165    -0.06220030   0.10773407
    2    1
 -0.06839415  -0.11846214     0.00000000  -0.00000000    -0.00000000   0.00000000
  0.00000000  -0.00000000    -0.06220030  -0.10773407    -0.14421341   0.08326165
  0.00000000   0.00000000    -0.14421341   0.08326165    -0.06220030  -0.10773407
    2    2
  0.33595480   0.00000000     0.00000000   0.00000000     0.00000000   0.00000000
  0.00000000   0.00000000     0.24737297   0.00000000     0.00000000   0.00000000
  0.00000000   0.00000000     0.00000000   0.00000000     0.24737297   0.00000000

     Dynamical  Matrix in cartesian axes

     q = (    0.000000000   0.000000000   0.666666667 ) 

    1    1
  0.24737297   0.00000000    -0.00000000  -0.00000000    -0.00000000   0.00000000
 -0.00000000  -0.00000000     0.24737297   0.00000000     0.00000000   0.00000000
 -0.00000000   0.00000000     0.00000000   0.00000000     0.33595480   0.00000000
    1    2
 -0.06220030   0.10773407    -0.14421341  -0.08326165     0.00000000   0.00000000
 -0.14421341  -0.08326165    -0.06220030   0.10773407    -0.00000000   0.00000000
  0.00000000   0.00000000     0.00000000   0.00000000    -0.06839415   0.11846214
    2    1
 -0.06220030  -0.10773407    -0.14421341   0.08326165     0.00000000   0.00000000
 -0.14421341   0.08326165    -0.06220030  -0.10773407    -0.00000000   0.00000000
  0.00000000   0.00000000     0.00000000   0.00000000    -0.06839415  -0.11846214
    2    2
  0.24737297   0.00000000    -0.00000000   0.00000000    -0.00000000   0.00000000
 -0.00000000   0.00000000     0.24737297   0.00000000    -0.00000000   0.00000000
  0.00000000   0.00000000     0.00000000   0.00000000     0.33595480   0.00000000

     Dynamical  Matrix in cartesian axes

     q = (    0.000000000  -0.666666667   0.000000000 ) 

    1    1
  0.24737297   0.00000000    -0.00000000   0.00000000    -0.00000000   0.00000000
  0.00000000   0.00000000     0.33595480   0.00000000     0.00000000   0.00000000
 -0.00000000   0.00000000    -0.00000000   0.00000000     0.24737297   0.00000000
    1    2
 -0.06220030  -0.10773407    -0.00000000   0.00000000    -0.14421341   0.08326165
  0.00000000  -0.00000000    -0.06839415  -0.11846214     0.00000000  -0.00000000
 -0.14421341   0.08326165    -0.00000000   0.00000000    -0.06220030  -0.10773407
    2    1
 -0.06220030   0.10773407     0.00000000   0.00000000    -0.14421341  -0.08326165
  0.00000000  -0.00000000    -0.06839415   0.11846214    -0.00000000  -0.00000000
 -0.14421341  -0.08326165     0.00000000   0.00000000    -0.06220030   0.10773407
    2    2
  0.24737297   0.00000000     0.00000000   0.00000000    -0.00000000  -0.00000000
 -0.00000000   0.00000000     0.33595480   0.00000000     0.00000000   0.00000000
 -0.00000000  -0.00000000     0.00000000   0.00000000     0.24737297   0.00000000

     Dynamical  Matrix in cartesian axes

     q = (   -0.666666667   0.000000000   0.000000000 ) 

    1    1
  0.33595480   0.00000000    -0.00000000   0.00000000    -0.00000000   0.00000000
  0.00000000   0.00000000     0.24737297   0.00000000     0.00000000   0.00000000
  0.00000000   0.00000000     0.00000000   0.00000000     0.24737297   0.00000000
    1    2
 -0.06839415  -0.11846214     0.00000000   0.00000000    -0.00000000  -0.00000000
  0.00000000   0.00000000    -0.06220030  -0.10773407    -0.14421341   0.08326165
  0.00000000  -0.00000000    -0.14421341   0.08326165    -0.06220030  -0.10773407
    2    1
 -0.06839415   0.11846214     0.00000000  -0.00000000    -0.00000000   0.00000000
 -0.00000000  -0.00000000    -0.06220030   0.10773407    -0.14421341  -0.08326165
  0.00000000   0.00000000    -0.14421341  -0.08326165    -0.06220030   0.10773407
    2    2
  0.33595480   0.00000000     0.00000000   0.00000000     0.00000000   0.00000000
 -0.00000000   0.00000000     0.24737297   0.00000000     0.00000000  -0.00000000
  0.00000000   0.00000000     0.00000000  -0.00000000     0.24737297   0.00000000

     Dynamical  Matrix in cartesian axes

     q = (    0.000000000   0.000000000  -0.666666667 ) 

    1    1
  0.24737297   0.00000000    -0.00000000   0.00000000     0.00000000   0.00000000
 -0.00000000   0.00000000     0.24737297   0.00000000    -0.00000000   0.00000000
  0.00000000   0.00000000    -0.00000000   0.00000000     0.33595480   0.00000000
    1    2
 -0.06220030  -0.10773407    -0.14421341   0.08326165    -0.00000000   0.00000000
 -0.14421341   0.08326165    -0.06220030  -0.10773407     0.00000000   0.00000000
  0.00000000   0.00000000     0.00000000   0.00000000    -0.06839415  -0.11846214
    2    1
 -0.06220030   0.10773407    -0.14421341  -0.08326165     0.00000000   0.00000000
 -0.14421341  -0.08326165    -0.06220030   0.10773407     0.00000000   0.00000000
 -0.00000000   0.00000000    -0.00000000   0.00000000    -0.06839415   0.11846214
    2    2
  0.24737297   0.00000000    -0.00000000  -0.00000000     0.00000000   0.00000000
 -0.00000000  -0.00000000     0.24737297   0.00000000    -0.00000000   0.00000000
  0.00000000   0.00000000    -0.00000000   0.00000000     0.33595480   0.00000000

     Diagonalizing the dynamical matrix

     q = (    0.000000000   0.666666667   0.000000000 ) 

 **************************************************************************
     freq (    1) =       4.087317 [THz] =     136.338218 [cm-1]
 ( -0.074272  0.025520 -0.000000  0.000000 -0.417794  0.565049 ) 
 ( -0.098979  0.528529 -0.000000 -0.000000 -0.459195  0.000000 ) 
     freq (    2) =       4.087317 [THz] =     136.338218 [cm-1]
 (  0.581712  0.394264 -0.000000  0.000000 -0.078532  0.000589 ) 
 ( -0.084525  0.451349 -0.000000 -0.000000  0.537717  0.000000 ) 
     freq (    3) =       9.176418 [THz] =     306.092361 [cm-1]
 ( -0.000000 -0.000000 -0.573720  0.413334  0.000000 -0.000000 ) 
 (  0.000000 -0.000000 -0.644818 -0.290189 -0.000000  0.000000 ) 
     freq (    4) =      13.873358 [THz] =     462.765407 [cm-1]
 (  0.416629  0.107219 -0.000000  0.000000 -0.135890  0.544480 ) 
 ( -0.192921 -0.680219  0.000000 -0.000000 -0.009137  0.000000 ) 
     freq (    5) =      13.873358 [THz] =     462.765407 [cm-1]
 (  0.485250  0.281882  0.000000 -0.000000  0.213370 -0.373562 ) 
 (  0.002493  0.008790 -0.000000  0.000000 -0.707048  0.000000 ) 
     freq (    6) =      14.137663 [THz] =     471.581686 [cm-1]
 (  0.000000  0.000000  0.352922 -0.612737 -0.000000  0.000000 ) 
 ( -0.000000 -0.000000 -0.707106  0.000729  0.000000  0.000000 ) 
 **************************************************************************
