Dynamical matrix file
phonons of Si                                                              
  1    2   2  10.2000000   0.0000000   0.0000000   0.0000000   0.0000000   0.0000000
           1  'Si  '    25598.823011949724     
    1    1      0.0000000000      0.0000000000      0.0000000000
    2    1      0.2500000000      0.2500000000      0.2500000000

     Dynamical  Matrix in cartesian axes

     q = (    0.666666667  -0.333333333   1.000000000 ) 

    1    1
  0.25179116   0.00000000    -0.00802655   0.00000000     0.00000000   0.00100172
 -0.00802655   0.00000000     0.29611802   0.00000000     0.00000000  -0.01430663
  0.00000000  -0.00100172     0.00000000   0.01430663     0.26583412   0.00000000
    1    2
 -0.09146328   0.05280635    -0.06513935   0.03760822    -0.06995462  -0.12116496
 -0.06513935   0.03760822    -0.09689655   0.05594325     0.02259394   0.03913385
 -0.06995462  -0.12116496     0.02259394   0.03913385    -0.09849159   0.05686415
    2    1
 -0.09146328  -0.05280635    -0.06513935  -0.03760822    -0.06995462   0.12116496
 -0.06513935  -0.03760822    -0.09689655  -0.05594325     0.02259394  -0.03913385
 -0.06995462   0.12116496     0.02259394  -0.03913385    -0.09849159  -0.05686415
    2    2
  0.25179116   0.00000000    -0.00802655   0.00000000     0.00000000  -0.00100172
 -0.00802655   0.00000000     0.29611802   0.00000000     0.00000000   0.01430663
  0.00000000   0.00100172     0.00000000  -0.01430663     0.26583412   0.00000000

     Dynamical  Matrix in cartesian axes

     q = (    1.000000000   0.333333333   0.666666667 ) 

    1    1
  0.26583412   0.00000000     0.00000000   0.01430663     0.00000000   0.00100172
  0.00000000  -0.01430663     0.29611802   0.00000000     0.00802655   0.00000000
  0.00000000  -0.00100172     0.00802655  -0.00000000     0.25179116   0.00000000
    1    2
  0.00000000  -0.11372829    -0.04518788  -0.00000000    -0.13990925  -0.00000000
 -0.04518788  -0.00000000     0.00000000  -0.11188650     0.00000000   0.07521645
 -0.13990925  -0.00000000    -0.00000000   0.07521645     0.00000000  -0.10561270
    2    1
  0.00000000   0.11372829    -0.04518788   0.00000000    -0.13990925   0.00000000
 -0.04518788   0.00000000     0.00000000   0.11188650     0.00000000  -0.07521645
 -0.13990925   0.00000000     0.00000000  -0.07521645     0.00000000   0.10561270
    2    2
  0.26583412   0.00000000     0.00000000  -0.01430663     0.00000000  -0.00100172
  0.00000000   0.01430663     0.29611802   0.00000000     0.00802655   0.00000000
  0.00000000   0.00100172     0.00802655   0.00000000     0.25179116   0.00000000

     Dynamical  Matrix in cartesian axes

     q = (    0.666666667   0.333333333   1.000000000 ) 

    1    1
  0.25179116   0.00000000     0.00802655  -0.00000000     0.00000000  -0.00100172
  0.00802655  -0.00000000     0.29611802   0.00000000     0.00000000  -0.01430663
  0.00000000   0.00100172     0.00000000   0.01430663     0.26583412   0.00000000
    1    2
 -0.00000000  -0.10561270    -0.00000000   0.07521645    -0.13990925  -0.00000000
 -0.00000000   0.07521645     0.00000000  -0.11188650    -0.04518788  -0.00000000
 -0.13990925  -0.00000000    -0.04518788  -0.00000000     0.00000000  -0.11372829
    2    1
 -0.00000000   0.10561270    -0.00000000  -0.07521645    -0.13990925   0.00000000
 -0.00000000  -0.07521645     0.00000000   0.11188650    -0.04518788  -0.00000000
 -0.13990925   0.00000000    -0.04518788   0.00000000     0.00000000   0.11372829
    2    2
  0.25179116   0.00000000     0.00802655  -0.00000000     0.00000000   0.00100172
  0.00802655  -0.00000000     0.29611802   0.00000000     0.00000000   0.01430663
  0.00000000  -0.00100172     0.00000000  -0.01430663     0.26583412   0.00000000

     Dynamical  Matrix in cartesian axes

     q = (   -1.000000000  -0.333333333   0.666666667 ) 

    1    1
  0.26583412   0.00000000     0.00000000   0.01430663     0.00000000  -0.00100172
  0.00000000  -0.01430663     0.29611802   0.00000000    -0.00802655   0.00000000
  0.00000000   0.00100172    -0.00802655  -0.00000000     0.25179116   0.00000000
    1    2
 -0.09849159   0.05686415     0.02259394   0.03913385    -0.06995462  -0.12116496
  0.02259394   0.03913385    -0.09689655   0.05594325    -0.06513935   0.03760822
 -0.06995462  -0.12116496    -0.06513935   0.03760822    -0.09146328   0.05280635
    2    1
 -0.09849159  -0.05686415     0.02259394  -0.03913385    -0.06995462   0.12116496
  0.02259394  -0.03913385    -0.09689655  -0.05594325    -0.06513935  -0.03760822
 -0.06995462   0.12116496    -0.06513935  -0.03760822    -0.09146328  -0.05280635
    2    2
  0.26583412   0.00000000     0.00000000  -0.01430663     0.00000000   0.00100172
  0.00000000   0.01430663     0.29611802   0.00000000    -0.00802655   0.00000000
  0.00000000  -0.00100172    -0.00802655   0.00000000     0.25179116   0.00000000

     Dynamical  Matrix in cartesian axes

     q = (   -1.000000000  -0.333333333  -0.666666667 ) 

    1    1
  0.26583412   0.00000000     0.00000000  -0.01430663     0.00000000  -0.00100172
  0.00000000   0.01430663     0.29611802   0.00000000     0.00802655   0.00000000
  0.00000000   0.00100172     0.00802655   0.00000000     0.25179116   0.00000000
    1    2
  0.00000000   0.11372829    -0.04518788   0.00000000    -0.13990925   0.00000000
 -0.04518788   0.00000000     0.00000000   0.11188650     0.00000000  -0.07521645
 -0.13990925   0.00000000     0.00000000  -0.07521645     0.00000000   0.10561270
    2    1
  0.00000000  -0.11372829    -0.04518788  -0.00000000    -0.13990925  -0.00000000
 -0.04518788  -0.00000000     0.00000000  -0.11188650     0.00000000   0.07521645
 -0.13990925  -0.00000000    -0.00000000   0.07521645     0.00000000  -0.10561270
    2    2
  0.26583412   0.00000000     0.00000000   0.01430663     0.00000000   0.00100172
  0.00000000  -0.01430663     0.29611802   0.00000000     0.00802655   0.00000000
  0.00000000  -0.00100172     0.00802655  -0.00000000     0.25179116   0.00000000

     Dynamical  Matrix in cartesian axes

     q = (   -0.666666667  -0.333333333  -1.000000000 ) 

    1    1
  0.25179116   0.00000000     0.00802655  -0.00000000     0.00000000   0.00100172
  0.00802655  -0.00000000     0.29611802   0.00000000     0.00000000   0.01430663
  0.00000000  -0.00100172     0.00000000  -0.01430663     0.26583412   0.00000000
    1    2
 -0.00000000   0.10561270    -0.00000000  -0.07521645    -0.13990925   0.00000000
 -0.00000000  -0.07521645     0.00000000   0.11188650    -0.04518788  -0.00000000
 -0.13990925   0.00000000    -0.04518788   0.00000000     0.00000000   0.11372829
    2    1
 -0.00000000  -0.10561270    -0.00000000   0.07521645    -0.13990925  -0.00000000
 -0.00000000   0.07521645     0.00000000  -0.11188650    -0.04518788  -0.00000000
 -0.13990925  -0.00000000    -0.04518788  -0.00000000     0.00000000  -0.11372829
    2    2
  0.25179116   0.00000000     0.00802655  -0.00000000     0.00000000  -0.00100172
  0.00802655  -0.00000000     0.29611802   0.00000000     0.00000000  -0.01430663
  0.00000000   0.00100172     0.00000000   0.01430663     0.26583412   0.00000000

     Dynamical  Matrix in cartesian axes

     q = (    1.000000000   0.333333333  -0.666666667 ) 

    1    1
  0.26583412   0.00000000     0.00000000  -0.01430663     0.00000000   0.00100172
  0.00000000   0.01430663     0.29611802   0.00000000    -0.00802655   0.00000000
  0.00000000  -0.00100172    -0.00802655   0.00000000     0.25179116   0.00000000
    1    2
 -0.09849159  -0.05686415     0.02259394  -0.03913385    -0.06995462   0.12116496
  0.02259394  -0.03913385    -0.09689655  -0.05594325    -0.06513935  -0.03760822
 -0.06995462   0.12116496    -0.06513935  -0.03760822    -0.09146328  -0.05280635
    2    1
 -0.09849159   0.05686415     0.02259394   0.03913385    -0.06995462  -0.12116496
  0.02259394   0.03913385    -0.09689655   0.05594325    -0.06513935   0.03760822
 -0.06995462  -0.12116496    -0.06513935   0.03760822    -0.09146328   0.05280635
    2    2
  0.26583412   0.00000000     0.00000000   0.01430663     0.00000000  -0.00100172
  0.00000000  -0.01430663     0.29611802   0.00000000    -0.00802655   0.00000000
  0.00000000   0.00100172    -0.00802655  -0.00000000     0.25179116   0.00000000

     Dynamical  Matrix in cartesian axes

     q = (   -0.666666667   0.333333333   1.000000000 ) 

    1    1
  0.25179116   0.00000000    -0.00802655   0.00000000     0.00000000  -0.00100172
 -0.00802655   0.00000000     0.29611802   0.00000000     0.00000000   0.01430663
  0.00000000   0.00100172     0.00000000  -0.01430663     0.26583412   0.00000000
    1    2
 -0.09146328  -0.05280635    -0.06513935  -0.03760822    -0.06995462   0.12116496
 -0.06513935  -0.03760822    -0.09689655  -0.05594325     0.02259394  -0.03913385
 -0.06995462   0.12116496     0.02259394  -0.03913385    -0.09849159  -0.05686415
    2    1
 -0.09146328   0.05280635    -0.06513935   0.03760822    -0.06995462  -0.12116496
 -0.06513935   0.03760822    -0.09689655   0.05594325     0.02259394   0.03913385
 -0.06995462  -0.12116496     0.02259394   0.03913385    -0.09849159   0.05686415
    2    2
  0.25179116   0.00000000    -0.00802655   0.00000000     0.00000000   0.00100172
 -0.00802655   0.00000000     0.29611802   0.00000000     0.00000000  -0.01430663
  0.00000000  -0.00100172     0.00000000   0.01430663     0.26583412   0.00000000

     Dynamical  Matrix in cartesian axes

     q = (   -0.333333333   1.000000000   0.666666667 ) 

    1    1
  0.29611802   0.00000000     0.00000000  -0.01430663    -0.00802655   0.00000000
  0.00000000   0.01430663     0.26583412   0.00000000     0.00000000  -0.00100172
 -0.00802655   0.00000000     0.00000000   0.00100172     0.25179116   0.00000000
    1    2
 -0.09689655   0.05594325     0.02259394   0.03913385    -0.06513935   0.03760822
  0.02259394   0.03913385    -0.09849159   0.05686415    -0.06995462  -0.12116496
 -0.06513935   0.03760822    -0.06995462  -0.12116496    -0.09146328   0.05280635
    2    1
 -0.09689655  -0.05594325     0.02259394  -0.03913385    -0.06513935  -0.03760822
  0.02259394  -0.03913385    -0.09849159  -0.05686415    -0.06995462   0.12116496
 -0.06513935  -0.03760822    -0.06995462   0.12116496    -0.09146328  -0.05280635
    2    2
  0.29611802   0.00000000     0.00000000   0.01430663    -0.00802655   0.00000000
  0.00000000  -0.01430663     0.26583412   0.00000000     0.00000000   0.00100172
 -0.00802655   0.00000000     0.00000000  -0.00100172     0.25179116   0.00000000

     Dynamical  Matrix in cartesian axes

     q = (    0.333333333   1.000000000  -0.666666667 ) 

    1    1
  0.29611802   0.00000000     0.00000000   0.01430663    -0.00802655   0.00000000
  0.00000000  -0.01430663     0.26583412   0.00000000     0.00000000   0.00100172
 -0.00802655   0.00000000     0.00000000  -0.00100172     0.25179116   0.00000000
    1    2
 -0.09689655  -0.05594325     0.02259394  -0.03913385    -0.06513935  -0.03760822
  0.02259394  -0.03913385    -0.09849159  -0.05686415    -0.06995462   0.12116496
 -0.06513935  -0.03760822    -0.06995462   0.12116496    -0.09146328  -0.05280635
    2    1
 -0.09689655   0.05594325     0.02259394   0.03913385    -0.06513935   0.03760822
  0.02259394   0.03913385    -0.09849159   0.05686415    -0.06995462  -0.12116496
 -0.06513935   0.03760822    -0.06995462  -0.12116496    -0.09146328   0.05280635
    2    2
  0.29611802   0.00000000     0.00000000  -0.01430663    -0.00802655   0.00000000
  0.00000000   0.01430663     0.26583412   0.00000000     0.00000000  -0.00100172
 -0.00802655   0.00000000     0.00000000   0.00100172     0.25179116   0.00000000

     Dynamical  Matrix in cartesian axes

     q = (   -0.333333333  -1.000000000  -0.666666667 ) 

    1    1
  0.29611802   0.00000000     0.00000000   0.01430663     0.00802655  -0.00000000
  0.00000000  -0.01430663     0.26583412   0.00000000     0.00000000  -0.00100172
  0.00802655   0.00000000     0.00000000   0.00100172     0.25179116   0.00000000
    1    2
  0.00000000   0.11188650    -0.04518788   0.00000000    -0.00000000  -0.07521645
 -0.04518788   0.00000000     0.00000000   0.11372829    -0.13990925   0.00000000
 -0.00000000  -0.07521645    -0.13990925   0.00000000     0.00000000   0.10561270
    2    1
  0.00000000  -0.11188650    -0.04518788  -0.00000000    -0.00000000   0.07521645
 -0.04518788  -0.00000000     0.00000000  -0.11372829    -0.13990925  -0.00000000
 -0.00000000   0.07521645    -0.13990925  -0.00000000     0.00000000  -0.10561270
    2    2
  0.29611802   0.00000000     0.00000000  -0.01430663     0.00802655  -0.00000000
  0.00000000   0.01430663     0.26583412   0.00000000     0.00000000   0.00100172
  0.00802655   0.00000000     0.00000000  -0.00100172     0.25179116   0.00000000

     Dynamical  Matrix in cartesian axes

     q = (    1.000000000  -0.666666667   0.333333333 ) 

    1    1
  0.26583412   0.00000000     0.00000000   0.00100172     0.00000000  -0.01430663
  0.00000000  -0.00100172     0.25179116   0.00000000    -0.00802655  -0.00000000
  0.00000000   0.01430663    -0.00802655   0.00000000     0.29611802   0.00000000
    1    2
 -0.09849159  -0.05686415    -0.06995462   0.12116496     0.02259394  -0.03913385
 -0.06995462   0.12116496    -0.09146328  -0.05280635    -0.06513935  -0.03760822
  0.02259394  -0.03913385    -0.06513935  -0.03760822    -0.09689655  -0.05594325
    2    1
 -0.09849159   0.05686415    -0.06995462  -0.12116496     0.02259394   0.03913385
 -0.06995462  -0.12116496    -0.09146328   0.05280635    -0.06513935   0.03760822
  0.02259394   0.03913385    -0.06513935   0.03760822    -0.09689655   0.05594325
    2    2
  0.26583412   0.00000000     0.00000000  -0.00100172     0.00000000   0.01430663
  0.00000000   0.00100172     0.25179116   0.00000000    -0.00802655   0.00000000
  0.00000000  -0.01430663    -0.00802655   0.00000000     0.29611802   0.00000000

     Dynamical  Matrix in cartesian axes

     q = (    1.000000000   0.666666667  -0.333333333 ) 

    1    1
  0.26583412   0.00000000     0.00000000  -0.00100172     0.00000000   0.01430663
  0.00000000   0.00100172     0.25179116   0.00000000    -0.00802655   0.00000000
  0.00000000  -0.01430663    -0.00802655   0.00000000     0.29611802   0.00000000
    1    2
 -0.09849159   0.05686415    -0.06995462  -0.12116496     0.02259394   0.03913385
 -0.06995462  -0.12116496    -0.09146328   0.05280635    -0.06513935   0.03760822
  0.02259394   0.03913385    -0.06513935   0.03760822    -0.09689655   0.05594325
    2    1
 -0.09849159  -0.05686415    -0.06995462   0.12116496     0.02259394  -0.03913385
 -0.06995462   0.12116496    -0.09146328  -0.05280635    -0.06513935  -0.03760822
  0.02259394  -0.03913385    -0.06513935  -0.03760822    -0.09689655  -0.05594325
    2    2
  0.26583412   0.00000000     0.00000000   0.00100172     0.00000000  -0.01430663
  0.00000000  -0.00100172     0.25179116   0.00000000    -0.00802655  -0.00000000
  0.00000000   0.01430663    -0.00802655   0.00000000     0.29611802   0.00000000

     Dynamical  Matrix in cartesian axes

     q = (   -0.333333333   0.666666667  -1.000000000 ) 

    1    1
  0.29611802   0.00000000    -0.00802655   0.00000000     0.00000000  -0.01430663
 -0.00802655   0.00000000     0.25179116   0.00000000     0.00000000   0.00100172
  0.00000000   0.01430663     0.00000000  -0.00100172     0.26583412   0.00000000
    1    2
 -0.09689655   0.05594325    -0.06513935   0.03760822     0.02259394   0.03913385
 -0.06513935   0.03760822    -0.09146328   0.05280635    -0.06995462  -0.12116496
  0.02259394   0.03913385    -0.06995462  -0.12116496    -0.09849159   0.05686415
    2    1
 -0.09689655  -0.05594325    -0.06513935  -0.03760822     0.02259394  -0.03913385
 -0.06513935  -0.03760822    -0.09146328  -0.05280635    -0.06995462   0.12116496
  0.02259394  -0.03913385    -0.06995462   0.12116496    -0.09849159  -0.05686415
    2    2
  0.29611802   0.00000000    -0.00802655   0.00000000     0.00000000   0.01430663
 -0.00802655   0.00000000     0.25179116   0.00000000     0.00000000  -0.00100172
  0.00000000  -0.01430663     0.00000000   0.00100172     0.26583412   0.00000000

     Dynamical  Matrix in cartesian axes

     q = (   -1.000000000  -0.666666667  -0.333333333 ) 

    1    1
  0.26583412   0.00000000     0.00000000  -0.00100172     0.00000000  -0.01430663
  0.00000000   0.00100172     0.25179116   0.00000000     0.00802655  -0.00000000
  0.00000000   0.01430663     0.00802655   0.00000000     0.29611802   0.00000000
    1    2
  0.00000000   0.11372829    -0.13990925   0.00000000    -0.04518788   0.00000000
 -0.13990925   0.00000000     0.00000000   0.10561270     0.00000000  -0.07521645
 -0.04518788   0.00000000     0.00000000  -0.07521645     0.00000000   0.11188650
    2    1
  0.00000000  -0.11372829    -0.13990925  -0.00000000    -0.04518788   0.00000000
 -0.13990925  -0.00000000     0.00000000  -0.10561270    -0.00000000   0.07521645
 -0.04518788  -0.00000000     0.00000000   0.07521645     0.00000000  -0.11188650
    2    2
  0.26583412   0.00000000     0.00000000   0.00100172     0.00000000   0.01430663
  0.00000000  -0.00100172     0.25179116   0.00000000     0.00802655   0.00000000
  0.00000000  -0.01430663     0.00802655  -0.00000000     0.29611802   0.00000000

     Dynamical  Matrix in cartesian axes

     q = (   -1.000000000   0.666666667   0.333333333 ) 

    1    1
  0.26583412   0.00000000     0.00000000   0.00100172     0.00000000   0.01430663
  0.00000000  -0.00100172     0.25179116   0.00000000     0.00802655   0.00000000
  0.00000000  -0.01430663     0.00802655  -0.00000000     0.29611802   0.00000000
    1    2
  0.00000000  -0.11372829    -0.13990925   0.00000000    -0.04518788   0.00000000
 -0.13990925   0.00000000     0.00000000  -0.10561270     0.00000000   0.07521645
 -0.04518788  -0.00000000     0.00000000   0.07521645     0.00000000  -0.11188650
    2    1
 -0.00000000   0.11372829    -0.13990925  -0.00000000    -0.04518788  -0.00000000
 -0.13990925  -0.00000000    -0.00000000   0.10561270     0.00000000  -0.07521645
 -0.04518788   0.00000000     0.00000000  -0.07521645    -0.00000000   0.11188650
    2    2
  0.26583412   0.00000000     0.00000000  -0.00100172     0.00000000  -0.01430663
  0.00000000   0.00100172     0.25179116   0.00000000     0.00802655  -0.00000000
  0.00000000   0.01430663     0.00802655   0.00000000     0.29611802   0.00000000

     Dynamical  Matrix in cartesian axes

     q = (    0.333333333  -0.666666667   1.000000000 ) 

    1    1
  0.29611802   0.00000000    -0.00802655   0.00000000     0.00000000   0.01430663
 -0.00802655   0.00000000     0.25179116   0.00000000     0.00000000  -0.00100172
  0.00000000  -0.01430663     0.00000000   0.00100172     0.26583412   0.00000000
    1    2
 -0.09689655  -0.05594325    -0.06513935  -0.03760822     0.02259394  -0.03913385
 -0.06513935  -0.03760822    -0.09146328  -0.05280635    -0.06995462   0.12116496
  0.02259394  -0.03913385    -0.06995462   0.12116496    -0.09849159  -0.05686415
    2    1
 -0.09689655   0.05594325    -0.06513935   0.03760822     0.02259394   0.03913385
 -0.06513935   0.03760822    -0.09146328   0.05280635    -0.06995462  -0.12116496
  0.02259394   0.03913385    -0.06995462  -0.12116496    -0.09849159   0.05686415
    2    2
  0.29611802   0.00000000    -0.00802655   0.00000000     0.00000000  -0.01430663
 -0.00802655   0.00000000     0.25179116   0.00000000     0.00000000   0.00100172
  0.00000000   0.01430663     0.00000000  -0.00100172     0.26583412   0.00000000

     Dynamical  Matrix in cartesian axes

     q = (    0.333333333  -1.000000000   0.666666667 ) 

    1    1
  0.29611802   0.00000000     0.00000000  -0.01430663     0.00802655  -0.00000000
  0.00000000   0.01430663     0.26583412   0.00000000     0.00000000   0.00100172
  0.00802655   0.00000000     0.00000000  -0.00100172     0.25179116   0.00000000
    1    2
 -0.00000000  -0.11188650    -0.04518788   0.00000000     0.00000000   0.07521645
 -0.04518788   0.00000000    -0.00000000  -0.11372829    -0.13990925   0.00000000
  0.00000000   0.07521645    -0.13990925   0.00000000    -0.00000000  -0.10561270
    2    1
 -0.00000000   0.11188650    -0.04518788  -0.00000000     0.00000000  -0.07521645
 -0.04518788  -0.00000000    -0.00000000   0.11372829    -0.13990925  -0.00000000
  0.00000000  -0.07521645    -0.13990925  -0.00000000    -0.00000000   0.10561270
    2    2
  0.29611802   0.00000000     0.00000000   0.01430663     0.00802655  -0.00000000
  0.00000000  -0.01430663     0.26583412   0.00000000     0.00000000  -0.00100172
  0.00802655   0.00000000     0.00000000   0.00100172     0.25179116   0.00000000

     Dynamical  Matrix in cartesian axes

     q = (    0.666666667  -1.000000000   0.333333333 ) 

    1    1
  0.25179116   0.00000000     0.00000000  -0.00100172     0.00802655   0.00000000
  0.00000000   0.00100172     0.26583412   0.00000000     0.00000000   0.01430663
  0.00802655  -0.00000000     0.00000000  -0.01430663     0.29611802   0.00000000
    1    2
  0.00000000  -0.10561270    -0.13990925  -0.00000000    -0.00000000   0.07521645
 -0.13990925  -0.00000000     0.00000000  -0.11372829    -0.04518788  -0.00000000
 -0.00000000   0.07521645    -0.04518788  -0.00000000     0.00000000  -0.11188650
    2    1
  0.00000000   0.10561270    -0.13990925   0.00000000    -0.00000000  -0.07521645
 -0.13990925   0.00000000     0.00000000   0.11372829    -0.04518788   0.00000000
 -0.00000000  -0.07521645    -0.04518788  -0.00000000     0.00000000   0.11188650
    2    2
  0.25179116   0.00000000     0.00000000   0.00100172     0.00802655   0.00000000
  0.00000000  -0.00100172     0.26583412   0.00000000     0.00000000  -0.01430663
  0.00802655  -0.00000000     0.00000000   0.01430663     0.29611802   0.00000000

     Dynamical  Matrix in cartesian axes

     q = (    0.333333333   0.666666667   1.000000000 ) 

    1    1
  0.29611802   0.00000000     0.00802655  -0.00000000     0.00000000  -0.01430663
  0.00802655  -0.00000000     0.25179116   0.00000000     0.00000000  -0.00100172
  0.00000000   0.01430663     0.00000000   0.00100172     0.26583412   0.00000000
    1    2
  0.00000000  -0.11188650    -0.00000000   0.07521645    -0.04518788  -0.00000000
 -0.00000000   0.07521645     0.00000000  -0.10561270    -0.13990925  -0.00000000
 -0.04518788  -0.00000000    -0.13990925  -0.00000000     0.00000000  -0.11372829
    2    1
  0.00000000   0.11188650    -0.00000000  -0.07521645    -0.04518788   0.00000000
 -0.00000000  -0.07521645     0.00000000   0.10561270    -0.13990925   0.00000000
 -0.04518788   0.00000000    -0.13990925   0.00000000     0.00000000   0.11372829
    2    2
  0.29611802   0.00000000     0.00802655  -0.00000000     0.00000000   0.01430663
  0.00802655  -0.00000000     0.25179116   0.00000000     0.00000000   0.00100172
  0.00000000  -0.01430663     0.00000000  -0.00100172     0.26583412   0.00000000

     Dynamical  Matrix in cartesian axes

     q = (   -0.333333333  -0.666666667  -1.000000000 ) 

    1    1
  0.29611802   0.00000000     0.00802655  -0.00000000     0.00000000   0.01430663
  0.00802655  -0.00000000     0.25179116   0.00000000     0.00000000   0.00100172
  0.00000000  -0.01430663     0.00000000  -0.00100172     0.26583412   0.00000000
    1    2
  0.00000000   0.11188650    -0.00000000  -0.07521645    -0.04518788   0.00000000
 -0.00000000  -0.07521645     0.00000000   0.10561270    -0.13990925   0.00000000
 -0.04518788   0.00000000    -0.13990925   0.00000000     0.00000000   0.11372829
    2    1
  0.00000000  -0.11188650    -0.00000000   0.07521645    -0.04518788  -0.00000000
 -0.00000000   0.07521645     0.00000000  -0.10561270    -0.13990925  -0.00000000
 -0.04518788  -0.00000000    -0.13990925  -0.00000000     0.00000000  -0.11372829
    2    2
  0.29611802   0.00000000     0.00802655  -0.00000000     0.00000000  -0.01430663
  0.00802655  -0.00000000     0.25179116   0.00000000     0.00000000  -0.00100172
  0.00000000   0.01430663     0.00000000   0.00100172     0.26583412   0.00000000

     Dynamical  Matrix in cartesian axes

     q = (   -0.666666667  -1.000000000   0.333333333 ) 

    1    1
  0.25179116   0.00000000     0.00000000  -0.00100172    -0.00802655   0.00000000
  0.00000000   0.00100172     0.26583412   0.00000000     0.00000000  -0.01430663
 -0.00802655   0.00000000     0.00000000   0.01430663     0.29611802   0.00000000
    1    2
 -0.09146328  -0.05280635    -0.06995462   0.12116496    -0.06513935  -0.03760822
 -0.06995462   0.12116496    -0.09849159  -0.05686415     0.02259394  -0.03913385
 -0.06513935  -0.03760822     0.02259394  -0.03913385    -0.09689655  -0.05594325
    2    1
 -0.09146328   0.05280635    -0.06995462  -0.12116496    -0.06513935   0.03760822
 -0.06995462  -0.12116496    -0.09849159   0.05686415     0.02259394   0.03913385
 -0.06513935   0.03760822     0.02259394   0.03913385    -0.09689655   0.05594325
    2    2
  0.25179116   0.00000000     0.00000000   0.00100172    -0.00802655   0.00000000
  0.00000000  -0.00100172     0.26583412   0.00000000     0.00000000   0.01430663
 -0.00802655   0.00000000     0.00000000  -0.01430663     0.29611802   0.00000000

     Dynamical  Matrix in cartesian axes

     q = (    0.666666667   1.000000000  -0.333333333 ) 

    1    1
  0.25179116   0.00000000     0.00000000   0.00100172    -0.00802655   0.00000000
  0.00000000  -0.00100172     0.26583412   0.00000000     0.00000000   0.01430663
 -0.00802655   0.00000000     0.00000000  -0.01430663     0.29611802   0.00000000
    1    2
 -0.09146328   0.05280635    -0.06995462  -0.12116496    -0.06513935   0.03760822
 -0.06995462  -0.12116496    -0.09849159   0.05686415     0.02259394   0.03913385
 -0.06513935   0.03760822     0.02259394   0.03913385    -0.09689655   0.05594325
    2    1
 -0.09146328  -0.05280635    -0.06995462   0.12116496    -0.06513935  -0.03760822
 -0.06995462   0.12116496    -0.09849159  -0.05686415     0.02259394  -0.03913385
 -0.06513935  -0.03760822     0.02259394  -0.03913385    -0.09689655  -0.05594325
    2    2
  0.25179116   0.00000000     0.00000000  -0.00100172    -0.00802655   0.00000000
  0.00000000   0.00100172     0.26583412   0.00000000     0.00000000  -0.01430663
 -0.00802655   0.00000000     0.00000000   0.01430663     0.29611802   0.00000000

     Dynamical  Matrix in cartesian axes

     q = (   -0.666666667  -1.000000000  -0.333333333 ) 

    1    1
  0.25179116   0.00000000     0.00000000   0.00100172     0.00802655   0.00000000
  0.00000000  -0.00100172     0.26583412   0.00000000     0.00000000  -0.01430663
  0.00802655  -0.00000000     0.00000000   0.01430663     0.29611802   0.00000000
    1    2
 -0.00000000   0.10561270    -0.13990925  -0.00000000     0.00000000  -0.07521645
 -0.13990925  -0.00000000    -0.00000000   0.11372829    -0.04518788  -0.00000000
  0.00000000  -0.07521645    -0.04518788  -0.00000000    -0.00000000   0.11188650
    2    1
 -0.00000000  -0.10561270    -0.13990925   0.00000000     0.00000000   0.07521645
 -0.13990925   0.00000000    -0.00000000  -0.11372829    -0.04518788   0.00000000
  0.00000000   0.07521645    -0.04518788   0.00000000    -0.00000000  -0.11188650
    2    2
  0.25179116   0.00000000     0.00000000  -0.00100172     0.00802655   0.00000000
  0.00000000   0.00100172     0.26583412   0.00000000     0.00000000   0.01430663
  0.00802655  -0.00000000     0.00000000  -0.01430663     0.29611802   0.00000000

     Diagonalizing the dynamical matrix

     q = (    0.666666667  -0.333333333   1.000000000 ) 

 **************************************************************************
     freq (    1) =       4.890940 [THz] =     163.144213 [cm-1]
 ( -0.303101 -0.524987 -0.148797 -0.257725  0.181567 -0.104828 ) 
 ( -0.000000 -0.606203 -0.000000 -0.297595 -0.209656  0.000000 ) 
     freq (    2) =       5.513667 [THz] =     183.916148 [cm-1]
 ( -0.163864 -0.283821  0.060992  0.105642 -0.532246  0.307292 ) 
 (  0.000000  0.327728 -0.000000 -0.121985 -0.614584  0.000000 ) 
     freq (    3) =       8.710336 [THz] =     290.545527 [cm-1]
 ( -0.094451 -0.163594  0.302641  0.524190  0.271039 -0.156484 ) 
 ( -0.000000 -0.188902  0.000000  0.605282 -0.312969  0.000000 ) 
     freq (    4) =      12.627570 [THz] =     421.210411 [cm-1]
 (  0.188197  0.325967 -0.258079 -0.447007 -0.262546  0.151581 ) 
 ( -0.000000 -0.376394  0.000000  0.516159 -0.303162  0.000000 ) 
     freq (    5) =      14.073541 [THz] =     469.442802 [cm-1]
 (  0.250460  0.433810  0.233827  0.405000 -0.150944  0.087148 ) 
 ( -0.000000 -0.500920 -0.000000 -0.467654 -0.174296  0.000000 ) 
     freq (    6) =      14.155624 [THz] =     472.180792 [cm-1]
 (  0.155591  0.269491 -0.106149 -0.183856  0.518239 -0.299205 ) 
 (  0.000000  0.311182  0.000000 -0.212299 -0.598410  0.000000 ) 
 **************************************************************************
