Dynamical matrix file
phonons of Si                                                              
  1    2   2  10.2000000   0.0000000   0.0000000   0.0000000   0.0000000   0.0000000
           1  'Si  '    25598.823011949724     
    1    1      0.0000000000      0.0000000000      0.0000000000
    2    1      0.2500000000      0.2500000000      0.2500000000

     Dynamical  Matrix in cartesian axes

     q = (   -0.333333333   0.333333333  -0.333333333 ) 

    1    1
  0.28233328   0.00000000    -0.01687191   0.00000000     0.01687191   0.00000000
 -0.01687191   0.00000000     0.28233328   0.00000000    -0.01687191   0.00000000
  0.01687191   0.00000000    -0.01687191   0.00000000     0.28233328   0.00000000
    1    2
 -0.17812211  -0.05082902    -0.06472197   0.03768409     0.06472197  -0.03768409
 -0.06472197   0.03768409    -0.17812211  -0.05082902    -0.06472197   0.03768409
  0.06472197  -0.03768409    -0.06472197   0.03768409    -0.17812211  -0.05082902
    2    1
 -0.17812211   0.05082902    -0.06472197  -0.03768409     0.06472197   0.03768409
 -0.06472197  -0.03768409    -0.17812211   0.05082902    -0.06472197  -0.03768409
  0.06472197   0.03768409    -0.06472197  -0.03768409    -0.17812211   0.05082902
    2    2
  0.28233328   0.00000000    -0.01687191   0.00000000     0.01687191   0.00000000
 -0.01687191   0.00000000     0.28233328   0.00000000    -0.01687191   0.00000000
  0.01687191   0.00000000    -0.01687191   0.00000000     0.28233328   0.00000000

     Dynamical  Matrix in cartesian axes

     q = (    0.333333333   0.333333333   0.333333333 ) 

    1    1
  0.28233328   0.00000000     0.01687191   0.00000000     0.01687191   0.00000000
  0.01687191   0.00000000     0.28233328   0.00000000     0.01687191   0.00000000
  0.01687191   0.00000000     0.01687191   0.00000000     0.28233328   0.00000000
    1    2
  0.04504183   0.17967278    -0.06499636  -0.03720883    -0.06499636  -0.03720883
 -0.06499636  -0.03720883     0.04504183   0.17967278    -0.06499636  -0.03720883
 -0.06499636  -0.03720883    -0.06499636  -0.03720883     0.04504183   0.17967278
    2    1
  0.04504183  -0.17967278    -0.06499636   0.03720883    -0.06499636   0.03720883
 -0.06499636   0.03720883     0.04504183  -0.17967278    -0.06499636   0.03720883
 -0.06499636   0.03720883    -0.06499636   0.03720883     0.04504183  -0.17967278
    2    2
  0.28233328   0.00000000     0.01687191   0.00000000     0.01687191   0.00000000
  0.01687191   0.00000000     0.28233328   0.00000000     0.01687191   0.00000000
  0.01687191   0.00000000     0.01687191   0.00000000     0.28233328   0.00000000

     Dynamical  Matrix in cartesian axes

     q = (   -0.333333333  -0.333333333  -0.333333333 ) 

    1    1
  0.28233328   0.00000000     0.01687191   0.00000000     0.01687191   0.00000000
  0.01687191   0.00000000     0.28233328   0.00000000     0.01687191   0.00000000
  0.01687191   0.00000000     0.01687191   0.00000000     0.28233328   0.00000000
    1    2
  0.04504183  -0.17967278    -0.06499636   0.03720883    -0.06499636   0.03720883
 -0.06499636   0.03720883     0.04504183  -0.17967278    -0.06499636   0.03720883
 -0.06499636   0.03720883    -0.06499636   0.03720883     0.04504183  -0.17967278
    2    1
  0.04504183   0.17967278    -0.06499636  -0.03720883    -0.06499636  -0.03720883
 -0.06499636  -0.03720883     0.04504183   0.17967278    -0.06499636  -0.03720883
 -0.06499636  -0.03720883    -0.06499636  -0.03720883     0.04504183   0.17967278
    2    2
  0.28233328   0.00000000     0.01687191   0.00000000     0.01687191   0.00000000
  0.01687191   0.00000000     0.28233328   0.00000000     0.01687191   0.00000000
  0.01687191   0.00000000     0.01687191   0.00000000     0.28233328   0.00000000

     Dynamical  Matrix in cartesian axes

     q = (    0.333333333  -0.333333333   0.333333333 ) 

    1    1
  0.28233328   0.00000000    -0.01687191   0.00000000     0.01687191   0.00000000
 -0.01687191   0.00000000     0.28233328   0.00000000    -0.01687191   0.00000000
  0.01687191   0.00000000    -0.01687191   0.00000000     0.28233328   0.00000000
    1    2
 -0.17812211   0.05082902    -0.06472197  -0.03768409     0.06472197   0.03768409
 -0.06472197  -0.03768409    -0.17812211   0.05082902    -0.06472197  -0.03768409
  0.06472197   0.03768409    -0.06472197  -0.03768409    -0.17812211   0.05082902
    2    1
 -0.17812211  -0.05082902    -0.06472197   0.03768409     0.06472197  -0.03768409
 -0.06472197   0.03768409    -0.17812211  -0.05082902    -0.06472197   0.03768409
  0.06472197  -0.03768409    -0.06472197   0.03768409    -0.17812211  -0.05082902
    2    2
  0.28233328   0.00000000    -0.01687191   0.00000000     0.01687191   0.00000000
 -0.01687191   0.00000000     0.28233328   0.00000000    -0.01687191   0.00000000
  0.01687191   0.00000000    -0.01687191   0.00000000     0.28233328   0.00000000

     Dynamical  Matrix in cartesian axes

     q = (    0.333333333  -0.333333333  -0.333333333 ) 

    1    1
  0.28233328   0.00000000    -0.01687191   0.00000000    -0.01687191   0.00000000
 -0.01687191   0.00000000     0.28233328   0.00000000     0.01687191   0.00000000
 -0.01687191   0.00000000     0.01687191   0.00000000     0.28233328   0.00000000
    1    2
 -0.17812211  -0.05082902    -0.06472197   0.03768409    -0.06472197   0.03768409
 -0.06472197   0.03768409    -0.17812211  -0.05082902     0.06472197  -0.03768409
 -0.06472197   0.03768409     0.06472197  -0.03768409    -0.17812211  -0.05082902
    2    1
 -0.17812211   0.05082902    -0.06472197  -0.03768409    -0.06472197  -0.03768409
 -0.06472197  -0.03768409    -0.17812211   0.05082902     0.06472197   0.03768409
 -0.06472197  -0.03768409     0.06472197   0.03768409    -0.17812211   0.05082902
    2    2
  0.28233328   0.00000000    -0.01687191   0.00000000    -0.01687191   0.00000000
 -0.01687191   0.00000000     0.28233328   0.00000000     0.01687191   0.00000000
 -0.01687191   0.00000000     0.01687191   0.00000000     0.28233328   0.00000000

     Dynamical  Matrix in cartesian axes

     q = (    0.333333333   0.333333333  -0.333333333 ) 

    1    1
  0.28233328   0.00000000     0.01687191   0.00000000    -0.01687191   0.00000000
  0.01687191   0.00000000     0.28233328   0.00000000    -0.01687191   0.00000000
 -0.01687191   0.00000000    -0.01687191   0.00000000     0.28233328   0.00000000
    1    2
 -0.17812211   0.05082902     0.06472197   0.03768409    -0.06472197  -0.03768409
  0.06472197   0.03768409    -0.17812211   0.05082902    -0.06472197  -0.03768409
 -0.06472197  -0.03768409    -0.06472197  -0.03768409    -0.17812211   0.05082902
    2    1
 -0.17812211  -0.05082902     0.06472197  -0.03768409    -0.06472197   0.03768409
  0.06472197  -0.03768409    -0.17812211  -0.05082902    -0.06472197   0.03768409
 -0.06472197   0.03768409    -0.06472197   0.03768409    -0.17812211  -0.05082902
    2    2
  0.28233328   0.00000000     0.01687191   0.00000000    -0.01687191   0.00000000
  0.01687191   0.00000000     0.28233328   0.00000000    -0.01687191   0.00000000
 -0.01687191   0.00000000    -0.01687191   0.00000000     0.28233328   0.00000000

     Dynamical  Matrix in cartesian axes

     q = (   -0.333333333  -0.333333333   0.333333333 ) 

    1    1
  0.28233328   0.00000000     0.01687191   0.00000000    -0.01687191   0.00000000
  0.01687191   0.00000000     0.28233328   0.00000000    -0.01687191   0.00000000
 -0.01687191   0.00000000    -0.01687191   0.00000000     0.28233328   0.00000000
    1    2
 -0.17812211  -0.05082902     0.06472197  -0.03768409    -0.06472197   0.03768409
  0.06472197  -0.03768409    -0.17812211  -0.05082902    -0.06472197   0.03768409
 -0.06472197   0.03768409    -0.06472197   0.03768409    -0.17812211  -0.05082902
    2    1
 -0.17812211   0.05082902     0.06472197   0.03768409    -0.06472197  -0.03768409
  0.06472197   0.03768409    -0.17812211   0.05082902    -0.06472197  -0.03768409
 -0.06472197  -0.03768409    -0.06472197  -0.03768409    -0.17812211   0.05082902
    2    2
  0.28233328   0.00000000     0.01687191   0.00000000    -0.01687191   0.00000000
  0.01687191   0.00000000     0.28233328   0.00000000    -0.01687191   0.00000000
 -0.01687191   0.00000000    -0.01687191   0.00000000     0.28233328   0.00000000

     Dynamical  Matrix in cartesian axes

     q = (   -0.333333333   0.333333333   0.333333333 ) 

    1    1
  0.28233328   0.00000000    -0.01687191   0.00000000    -0.01687191   0.00000000
 -0.01687191   0.00000000     0.28233328   0.00000000     0.01687191   0.00000000
 -0.01687191   0.00000000     0.01687191   0.00000000     0.28233328   0.00000000
    1    2
 -0.17812211   0.05082902    -0.06472197  -0.03768409    -0.06472197  -0.03768409
 -0.06472197  -0.03768409    -0.17812211   0.05082902     0.06472197   0.03768409
 -0.06472197  -0.03768409     0.06472197   0.03768409    -0.17812211   0.05082902
    2    1
 -0.17812211  -0.05082902    -0.06472197   0.03768409    -0.06472197   0.03768409
 -0.06472197   0.03768409    -0.17812211  -0.05082902     0.06472197  -0.03768409
 -0.06472197   0.03768409     0.06472197  -0.03768409    -0.17812211  -0.05082902
    2    2
  0.28233328   0.00000000    -0.01687191   0.00000000    -0.01687191   0.00000000
 -0.01687191   0.00000000     0.28233328   0.00000000     0.01687191   0.00000000
 -0.01687191   0.00000000     0.01687191   0.00000000     0.28233328   0.00000000

     Diagonalizing the dynamical matrix

     q = (   -0.333333333   0.333333333  -0.333333333 ) 

 **************************************************************************
     freq (    1) =       3.067928 [THz] =     102.335064 [cm-1]
 ( -0.565492 -0.101752 -0.314501 -0.088166  0.250991  0.013586 ) 
 ( -0.570165 -0.071038 -0.318806 -0.071038  0.251359  0.000000 ) 
     freq (    2) =       3.067928 [THz] =     102.335064 [cm-1]
 ( -0.046717  0.031876  0.472285  0.059969  0.519002  0.028093 ) 
 ( -0.044926  0.034354  0.474836  0.034354  0.519762  0.000000 ) 
     freq (    3) =       8.743487 [THz] =     291.651327 [cm-1]
 ( -0.146923 -0.380894  0.146923  0.380894 -0.146923 -0.380894 ) 
 ( -0.408248 -0.000000  0.408248  0.000000 -0.408248  0.000000 ) 
     freq (    4) =      13.813878 [THz] =     460.781358 [cm-1]
 ( -0.146923 -0.380894  0.146923  0.380894 -0.146923 -0.380894 ) 
 (  0.408248 -0.000000 -0.408248  0.000000  0.408248  0.000000 ) 
     freq (    5) =      14.664904 [THz] =     489.168559 [cm-1]
 (  0.158145  0.482209  0.096683  0.478882 -0.061462 -0.003327 ) 
 ( -0.183977 -0.472957 -0.122425 -0.472957  0.061552  0.000000 ) 
     freq (    6) =      14.664904 [THz] =     489.168559 [cm-1]
 (  0.272949 -0.036011 -0.300272 -0.067039 -0.573221 -0.031028 ) 
 ( -0.270603  0.050712  0.303457  0.050712  0.574060  0.000000 ) 
 **************************************************************************
