Dynamical matrix file
phonons of Si                                                              
  1    2   2  10.2000000   0.0000000   0.0000000   0.0000000   0.0000000   0.0000000
           1  'Si  '    25598.823011949724     
    1    1      0.0000000000      0.0000000000      0.0000000000
    2    1      0.2500000000      0.2500000000      0.2500000000

     Dynamical  Matrix in cartesian axes

     q = (    0.000000000   0.333333333   0.000000000 ) 

    1    1
  0.26301620   0.00000000    -0.00000000   0.00000000     0.00000000   0.00000000
 -0.00000000   0.00000000     0.29935009   0.00000000     0.00000000   0.00000000
  0.00000000   0.00000000    -0.00000000   0.00000000     0.26301620   0.00000000
    1    2
 -0.19660510   0.11351001     0.00000000   0.00000000    -0.04185689  -0.07249826
  0.00000000   0.00000000    -0.20897995   0.12065463     0.00000000   0.00000000
 -0.04185689  -0.07249826     0.00000000   0.00000000    -0.19660510   0.11351001
    2    1
 -0.19660510  -0.11351001    -0.00000000   0.00000000    -0.04185689   0.07249826
  0.00000000   0.00000000    -0.20897995  -0.12065463     0.00000000   0.00000000
 -0.04185689   0.07249826    -0.00000000   0.00000000    -0.19660510  -0.11351001
    2    2
  0.26301620   0.00000000    -0.00000000   0.00000000     0.00000000   0.00000000
 -0.00000000   0.00000000     0.29935009   0.00000000     0.00000000   0.00000000
  0.00000000   0.00000000     0.00000000   0.00000000     0.26301620   0.00000000

     Dynamical  Matrix in cartesian axes

     q = (    0.333333333   0.000000000   0.000000000 ) 

    1    1
  0.29935009   0.00000000    -0.00000000   0.00000000    -0.00000000   0.00000000
  0.00000000   0.00000000     0.26301620   0.00000000     0.00000000   0.00000000
 -0.00000000   0.00000000     0.00000000   0.00000000     0.26301620   0.00000000
    1    2
 -0.20897995   0.12065463    -0.00000000   0.00000000     0.00000000  -0.00000000
 -0.00000000   0.00000000    -0.19660510   0.11351001    -0.04185689  -0.07249826
  0.00000000  -0.00000000    -0.04185689  -0.07249826    -0.19660510   0.11351001
    2    1
 -0.20897995  -0.12065463     0.00000000   0.00000000     0.00000000  -0.00000000
 -0.00000000   0.00000000    -0.19660510  -0.11351001    -0.04185689   0.07249826
  0.00000000  -0.00000000    -0.04185689   0.07249826    -0.19660510  -0.11351001
    2    2
  0.29935009   0.00000000    -0.00000000   0.00000000    -0.00000000   0.00000000
 -0.00000000   0.00000000     0.26301620   0.00000000    -0.00000000   0.00000000
  0.00000000   0.00000000     0.00000000   0.00000000     0.26301620   0.00000000

     Dynamical  Matrix in cartesian axes

     q = (    0.000000000   0.000000000   0.333333333 ) 

    1    1
  0.26301620   0.00000000     0.00000000   0.00000000    -0.00000000   0.00000000
  0.00000000   0.00000000     0.26301620   0.00000000     0.00000000   0.00000000
 -0.00000000   0.00000000     0.00000000   0.00000000     0.29935009   0.00000000
    1    2
 -0.19660510   0.11351001    -0.04185689  -0.07249826    -0.00000000   0.00000000
 -0.04185689  -0.07249826    -0.19660510   0.11351001    -0.00000000   0.00000000
  0.00000000   0.00000000    -0.00000000   0.00000000    -0.20897995   0.12065463
    2    1
 -0.19660510  -0.11351001    -0.04185689   0.07249826     0.00000000   0.00000000
 -0.04185689   0.07249826    -0.19660510  -0.11351001     0.00000000   0.00000000
  0.00000000   0.00000000    -0.00000000   0.00000000    -0.20897995  -0.12065463
    2    2
  0.26301620   0.00000000     0.00000000   0.00000000    -0.00000000   0.00000000
  0.00000000   0.00000000     0.26301620   0.00000000     0.00000000   0.00000000
 -0.00000000   0.00000000     0.00000000   0.00000000     0.29935009   0.00000000

     Dynamical  Matrix in cartesian axes

     q = (    0.000000000  -0.333333333   0.000000000 ) 

    1    1
  0.26301620   0.00000000    -0.00000000   0.00000000     0.00000000   0.00000000
 -0.00000000   0.00000000     0.29935009   0.00000000     0.00000000   0.00000000
  0.00000000   0.00000000     0.00000000   0.00000000     0.26301620   0.00000000
    1    2
 -0.19660510  -0.11351001     0.00000000   0.00000000    -0.04185689   0.07249826
  0.00000000   0.00000000    -0.20897995  -0.12065463     0.00000000   0.00000000
 -0.04185689   0.07249826     0.00000000   0.00000000    -0.19660510  -0.11351001
    2    1
 -0.19660510   0.11351001    -0.00000000  -0.00000000    -0.04185689  -0.07249826
 -0.00000000  -0.00000000    -0.20897995   0.12065463     0.00000000  -0.00000000
 -0.04185689  -0.07249826    -0.00000000  -0.00000000    -0.19660510   0.11351001
    2    2
  0.26301620   0.00000000     0.00000000   0.00000000     0.00000000   0.00000000
 -0.00000000   0.00000000     0.29935009   0.00000000     0.00000000   0.00000000
  0.00000000   0.00000000     0.00000000   0.00000000     0.26301620   0.00000000

     Dynamical  Matrix in cartesian axes

     q = (   -0.333333333   0.000000000   0.000000000 ) 

    1    1
  0.29935009   0.00000000    -0.00000000   0.00000000    -0.00000000   0.00000000
 -0.00000000   0.00000000     0.26301620   0.00000000    -0.00000000   0.00000000
  0.00000000   0.00000000     0.00000000   0.00000000     0.26301620   0.00000000
    1    2
 -0.20897995  -0.12065463    -0.00000000   0.00000000    -0.00000000  -0.00000000
 -0.00000000   0.00000000    -0.19660510  -0.11351001    -0.04185689   0.07249826
  0.00000000  -0.00000000    -0.04185689   0.07249826    -0.19660510  -0.11351001
    2    1
 -0.20897995   0.12065463    -0.00000000   0.00000000    -0.00000000  -0.00000000
 -0.00000000   0.00000000    -0.19660510   0.11351001    -0.04185689  -0.07249826
 -0.00000000   0.00000000    -0.04185689  -0.07249826    -0.19660510   0.11351001
    2    2
  0.29935009   0.00000000    -0.00000000   0.00000000    -0.00000000   0.00000000
 -0.00000000   0.00000000     0.26301620   0.00000000     0.00000000   0.00000000
 -0.00000000   0.00000000     0.00000000   0.00000000     0.26301620   0.00000000

     Dynamical  Matrix in cartesian axes

     q = (    0.000000000   0.000000000  -0.333333333 ) 

    1    1
  0.26301620   0.00000000    -0.00000000   0.00000000    -0.00000000   0.00000000
 -0.00000000   0.00000000     0.26301620   0.00000000     0.00000000   0.00000000
 -0.00000000   0.00000000     0.00000000   0.00000000     0.29935009   0.00000000
    1    2
 -0.19660510  -0.11351001    -0.04185689   0.07249826    -0.00000000   0.00000000
 -0.04185689   0.07249826    -0.19660510  -0.11351001    -0.00000000   0.00000000
  0.00000000   0.00000000     0.00000000   0.00000000    -0.20897995  -0.12065463
    2    1
 -0.19660510   0.11351001    -0.04185689  -0.07249826     0.00000000   0.00000000
 -0.04185689  -0.07249826    -0.19660510   0.11351001     0.00000000   0.00000000
  0.00000000   0.00000000     0.00000000   0.00000000    -0.20897995   0.12065463
    2    2
  0.26301620   0.00000000     0.00000000   0.00000000    -0.00000000   0.00000000
  0.00000000   0.00000000     0.26301620   0.00000000    -0.00000000   0.00000000
 -0.00000000   0.00000000     0.00000000   0.00000000     0.29935009   0.00000000

     Diagonalizing the dynamical matrix

     q = (    0.000000000   0.333333333   0.000000000 ) 

 **************************************************************************
     freq (    1) =       2.983488 [THz] =      99.518458 [cm-1]
 (  0.487200  0.019719  0.000000 -0.000000  0.499495 -0.112927 ) 
 (  0.439191  0.075382  0.000000 -0.000000  0.549025  0.000000 ) 
     freq (    2) =       2.983488 [THz] =      99.518458 [cm-1]
 ( -0.406161  0.311899  0.000000 -0.000000  0.296301 -0.387244 ) 
 ( -0.541113 -0.092876  0.000000  0.000000  0.445613  0.000000 ) 
     freq (    3) =       4.953724 [THz] =     165.238461 [cm-1]
 ( -0.000000 -0.000000  0.640288 -0.300053 -0.000000  0.000000 ) 
 ( -0.000000 -0.000000  0.704532  0.060291 -0.000000  0.000000 ) 
     freq (    4) =      14.611734 [THz] =     487.394999 [cm-1]
 (  0.475046  0.139916 -0.000000  0.000000  0.486247 -0.135349 ) 
 ( -0.363918 -0.167436  0.000000  0.000000 -0.582691  0.000000 ) 
     freq (    5) =      14.611734 [THz] =     487.394999 [cm-1]
 ( -0.475077  0.170462  0.000000 -0.000000  0.306897 -0.388663 ) 
 (  0.529351  0.243549 -0.000000  0.000000 -0.400589  0.000000 ) 
     freq (    6) =      15.119133 [THz] =     504.319998 [cm-1]
 ( -0.000000 -0.000000 -0.656171  0.263515 -0.000000 -0.000000 ) 
 (  0.000000  0.000000  0.700018  0.099875  0.000000  0.000000 ) 
 **************************************************************************
