Dynamical matrix file
phonons of Si                                                              
  1    2   2  10.2000000   0.0000000   0.0000000   0.0000000   0.0000000   0.0000000
           1  'Si  '    25598.823011949724     
    1    1      0.0000000000      0.0000000000      0.0000000000
    2    1      0.2500000000      0.2500000000      0.2500000000

     Dynamical  Matrix in cartesian axes

     q = (    0.000000000   0.666666667   0.000000000 ) 

    1    1
  0.24737298   0.00000000     0.00000000   0.00000000    -0.00000000  -0.00000000
  0.00000000   0.00000000     0.33595485   0.00000000     0.00000000   0.00000000
 -0.00000000  -0.00000000     0.00000000   0.00000000     0.24737298   0.00000000
    1    2
 -0.06220029   0.10773407     0.00000000   0.00000000    -0.14421341  -0.08326165
  0.00000000   0.00000000    -0.06839413   0.11846212     0.00000000  -0.00000000
 -0.14421341  -0.08326165     0.00000000   0.00000000    -0.06220029   0.10773407
    2    1
 -0.06220029  -0.10773407     0.00000000   0.00000000    -0.14421341   0.08326165
  0.00000000   0.00000000    -0.06839413  -0.11846212     0.00000000   0.00000000
 -0.14421341   0.08326165     0.00000000   0.00000000    -0.06220029  -0.10773407
    2    2
  0.24737298   0.00000000     0.00000000   0.00000000    -0.00000000   0.00000000
  0.00000000   0.00000000     0.33595485   0.00000000     0.00000000   0.00000000
 -0.00000000   0.00000000     0.00000000   0.00000000     0.24737298   0.00000000

     Dynamical  Matrix in cartesian axes

     q = (    0.666666667   0.000000000   0.000000000 ) 

    1    1
  0.33595485   0.00000000     0.00000000   0.00000000     0.00000000   0.00000000
  0.00000000   0.00000000     0.24737298   0.00000000     0.00000000  -0.00000000
 -0.00000000   0.00000000     0.00000000  -0.00000000     0.24737298   0.00000000
    1    2
 -0.06839413   0.11846212    -0.00000000  -0.00000000    -0.00000000   0.00000000
 -0.00000000   0.00000000    -0.06220029   0.10773407    -0.14421341  -0.08326165
  0.00000000   0.00000000    -0.14421341  -0.08326165    -0.06220029   0.10773407
    2    1
 -0.06839413  -0.11846212     0.00000000   0.00000000    -0.00000000  -0.00000000
  0.00000000  -0.00000000    -0.06220029  -0.10773407    -0.14421341   0.08326165
  0.00000000  -0.00000000    -0.14421341   0.08326165    -0.06220029  -0.10773407
    2    2
  0.33595485   0.00000000     0.00000000   0.00000000     0.00000000   0.00000000
  0.00000000   0.00000000     0.24737298   0.00000000     0.00000000   0.00000000
  0.00000000   0.00000000     0.00000000   0.00000000     0.24737298   0.00000000

     Dynamical  Matrix in cartesian axes

     q = (    0.000000000   0.000000000   0.666666667 ) 

    1    1
  0.24737298   0.00000000    -0.00000000  -0.00000000     0.00000000   0.00000000
  0.00000000  -0.00000000     0.24737298   0.00000000     0.00000000   0.00000000
  0.00000000   0.00000000    -0.00000000   0.00000000     0.33595485   0.00000000
    1    2
 -0.06220029   0.10773407    -0.14421341  -0.08326165    -0.00000000   0.00000000
 -0.14421341  -0.08326165    -0.06220029   0.10773407     0.00000000   0.00000000
 -0.00000000   0.00000000     0.00000000   0.00000000    -0.06839413   0.11846212
    2    1
 -0.06220029  -0.10773407    -0.14421341   0.08326165    -0.00000000   0.00000000
 -0.14421341   0.08326165    -0.06220029  -0.10773407     0.00000000   0.00000000
  0.00000000   0.00000000     0.00000000  -0.00000000    -0.06839413  -0.11846212
    2    2
  0.24737298   0.00000000     0.00000000   0.00000000     0.00000000   0.00000000
 -0.00000000   0.00000000     0.24737298   0.00000000    -0.00000000   0.00000000
  0.00000000   0.00000000     0.00000000   0.00000000     0.33595485   0.00000000

     Dynamical  Matrix in cartesian axes

     q = (    0.000000000  -0.666666667   0.000000000 ) 

    1    1
  0.24737298   0.00000000     0.00000000   0.00000000     0.00000000   0.00000000
  0.00000000   0.00000000     0.33595485   0.00000000     0.00000000   0.00000000
 -0.00000000   0.00000000     0.00000000   0.00000000     0.24737298   0.00000000
    1    2
 -0.06220029  -0.10773407     0.00000000   0.00000000    -0.14421341   0.08326165
  0.00000000   0.00000000    -0.06839413  -0.11846212     0.00000000   0.00000000
 -0.14421341   0.08326165     0.00000000   0.00000000    -0.06220029  -0.10773407
    2    1
 -0.06220029   0.10773407     0.00000000  -0.00000000    -0.14421341  -0.08326165
  0.00000000  -0.00000000    -0.06839413   0.11846212     0.00000000  -0.00000000
 -0.14421341  -0.08326165     0.00000000  -0.00000000    -0.06220029   0.10773407
    2    2
  0.24737298   0.00000000     0.00000000   0.00000000    -0.00000000  -0.00000000
  0.00000000   0.00000000     0.33595485   0.00000000    -0.00000000   0.00000000
  0.00000000  -0.00000000     0.00000000   0.00000000     0.24737298   0.00000000

     Dynamical  Matrix in cartesian axes

     q = (   -0.666666667   0.000000000   0.000000000 ) 

    1    1
  0.33595485   0.00000000     0.00000000   0.00000000    -0.00000000   0.00000000
  0.00000000   0.00000000     0.24737298   0.00000000     0.00000000   0.00000000
  0.00000000   0.00000000     0.00000000   0.00000000     0.24737298   0.00000000
    1    2
 -0.06839413  -0.11846212     0.00000000   0.00000000    -0.00000000  -0.00000000
  0.00000000  -0.00000000    -0.06220029  -0.10773407    -0.14421341   0.08326165
  0.00000000  -0.00000000    -0.14421341   0.08326165    -0.06220029  -0.10773407
    2    1
 -0.06839413   0.11846212     0.00000000  -0.00000000     0.00000000   0.00000000
 -0.00000000   0.00000000    -0.06220029   0.10773407    -0.14421341  -0.08326165
  0.00000000   0.00000000    -0.14421341  -0.08326165    -0.06220029   0.10773407
    2    2
  0.33595485   0.00000000    -0.00000000   0.00000000     0.00000000   0.00000000
  0.00000000   0.00000000     0.24737298   0.00000000     0.00000000  -0.00000000
 -0.00000000   0.00000000     0.00000000  -0.00000000     0.24737298   0.00000000

     Dynamical  Matrix in cartesian axes

     q = (    0.000000000   0.000000000  -0.666666667 ) 

    1    1
  0.24737298   0.00000000    -0.00000000   0.00000000     0.00000000   0.00000000
 -0.00000000   0.00000000     0.24737298   0.00000000     0.00000000   0.00000000
 -0.00000000   0.00000000     0.00000000   0.00000000     0.33595485   0.00000000
    1    2
 -0.06220029  -0.10773407    -0.14421341   0.08326165     0.00000000   0.00000000
 -0.14421341   0.08326165    -0.06220029  -0.10773407     0.00000000   0.00000000
 -0.00000000   0.00000000     0.00000000  -0.00000000    -0.06839413  -0.11846212
    2    1
 -0.06220029   0.10773407    -0.14421341  -0.08326165     0.00000000  -0.00000000
 -0.14421341  -0.08326165    -0.06220029   0.10773407     0.00000000  -0.00000000
  0.00000000   0.00000000     0.00000000   0.00000000    -0.06839413   0.11846212
    2    2
  0.24737298   0.00000000    -0.00000000  -0.00000000     0.00000000   0.00000000
 -0.00000000  -0.00000000     0.24737298   0.00000000     0.00000000   0.00000000
  0.00000000   0.00000000    -0.00000000   0.00000000     0.33595485   0.00000000

     Diagonalizing the dynamical matrix

     q = (    0.000000000   0.666666667   0.000000000 ) 

 **************************************************************************
     freq (    1) =       4.087318 [THz] =     136.338243 [cm-1]
 ( -0.210993 -0.397800  0.000000  0.000000  0.056351  0.542275 ) 
 (  0.399357  0.125263  0.000000 -0.000000 -0.569933  0.000000 ) 
     freq (    2) =       4.087318 [THz] =     136.338243 [cm-1]
 ( -0.541523  0.063162  0.000000 -0.000000 -0.434216 -0.119245 ) 
 ( -0.543809 -0.170572  0.000000  0.000000 -0.418541  0.000000 ) 
     freq (    3) =       9.176420 [THz] =     306.092411 [cm-1]
 ( -0.000000 -0.000000 -0.558925  0.433131  0.000000  0.000000 ) 
 ( -0.000000  0.000000 -0.654565 -0.267478 -0.000000  0.000000 ) 
     freq (    4) =      13.873358 [THz] =     462.765412 [cm-1]
 ( -0.465787 -0.404104 -0.000000  0.000000  0.289976 -0.188830 ) 
 ( -0.195612  0.609509  0.000000 -0.000000  0.300391 -0.000000 ) 
     freq (    5) =      13.873358 [THz] =     462.765412 [cm-1]
 (  0.323346  0.123248  0.000000 -0.000000  0.369812 -0.493454 ) 
 ( -0.091794  0.286022  0.000000  0.000000 -0.640129  0.000000 ) 
     freq (    6) =      14.137664 [THz] =     471.581696 [cm-1]
 ( -0.000000 -0.000000  0.032500 -0.706359  0.000000 -0.000000 ) 
 ( -0.000000  0.000000 -0.627975  0.325034  0.000000  0.000000 ) 
 **************************************************************************
