Dynamical matrix file
phonons of Si                                                              
  1    2   2  10.2000000   0.0000000   0.0000000   0.0000000   0.0000000   0.0000000
           1  'Si  '    25598.823011949724     
    1    1      0.0000000000      0.0000000000      0.0000000000
    2    1      0.2500000000      0.2500000000      0.2500000000

     Dynamical  Matrix in cartesian axes

     q = (    0.666666667   0.000000000   0.666666667 ) 

    1    1
  0.25695687   0.00000000     0.00000000   0.00879007     0.00885212   0.00000000
  0.00000000  -0.00879007     0.30190664   0.00000000     0.00000000  -0.00879007
  0.00885212   0.00000000     0.00000000   0.00879007     0.25695687   0.00000000
    1    2
  0.03115748   0.05396634    -0.06759418   0.03902552    -0.07093473  -0.12286256
 -0.06759418   0.03902552     0.04214498   0.07299724    -0.06759418   0.03902552
 -0.07093473  -0.12286256    -0.06759418   0.03902552     0.03115748   0.05396634
    2    1
  0.03115748  -0.05396634    -0.06759418  -0.03902552    -0.07093473   0.12286256
 -0.06759418  -0.03902552     0.04214498  -0.07299724    -0.06759418  -0.03902552
 -0.07093473   0.12286256    -0.06759418  -0.03902552     0.03115748  -0.05396634
    2    2
  0.25695687   0.00000000     0.00000000  -0.00879007     0.00885212   0.00000000
  0.00000000   0.00879007     0.30190664   0.00000000     0.00000000   0.00879007
  0.00885212   0.00000000     0.00000000  -0.00879007     0.25695687   0.00000000

     Dynamical  Matrix in cartesian axes

     q = (   -0.666666667   0.000000000   0.666666667 ) 

    1    1
  0.25695687   0.00000000     0.00000000   0.00879007    -0.00885212   0.00000000
  0.00000000  -0.00879007     0.30190664   0.00000000     0.00000000   0.00879007
 -0.00885212   0.00000000     0.00000000  -0.00879007     0.25695687   0.00000000
    1    2
 -0.06231497  -0.00000000     0.00000000  -0.07805103    -0.14186946  -0.00000000
  0.00000000  -0.07805103    -0.08428995  -0.00000000    -0.00000000   0.07805103
 -0.14186946  -0.00000000    -0.00000000   0.07805103    -0.06231497  -0.00000000
    2    1
 -0.06231497   0.00000000     0.00000000   0.07805103    -0.14186946   0.00000000
  0.00000000   0.07805103    -0.08428995   0.00000000    -0.00000000  -0.07805103
 -0.14186946   0.00000000    -0.00000000  -0.07805103    -0.06231497   0.00000000
    2    2
  0.25695687   0.00000000     0.00000000  -0.00879007    -0.00885212   0.00000000
  0.00000000   0.00879007     0.30190664   0.00000000     0.00000000  -0.00879007
 -0.00885212   0.00000000     0.00000000   0.00879007     0.25695687   0.00000000

     Dynamical  Matrix in cartesian axes

     q = (   -0.666666667   0.000000000  -0.666666667 ) 

    1    1
  0.25695687   0.00000000     0.00000000  -0.00879007     0.00885212   0.00000000
  0.00000000   0.00879007     0.30190664   0.00000000     0.00000000   0.00879007
  0.00885212   0.00000000     0.00000000  -0.00879007     0.25695687   0.00000000
    1    2
  0.03115748  -0.05396634    -0.06759418  -0.03902552    -0.07093473   0.12286256
 -0.06759418  -0.03902552     0.04214498  -0.07299724    -0.06759418  -0.03902552
 -0.07093473   0.12286256    -0.06759418  -0.03902552     0.03115748  -0.05396634
    2    1
  0.03115748   0.05396634    -0.06759418   0.03902552    -0.07093473  -0.12286256
 -0.06759418   0.03902552     0.04214498   0.07299724    -0.06759418   0.03902552
 -0.07093473  -0.12286256    -0.06759418   0.03902552     0.03115748   0.05396634
    2    2
  0.25695687   0.00000000     0.00000000   0.00879007     0.00885212   0.00000000
  0.00000000  -0.00879007     0.30190664   0.00000000     0.00000000  -0.00879007
  0.00885212   0.00000000     0.00000000   0.00879007     0.25695687   0.00000000

     Dynamical  Matrix in cartesian axes

     q = (    0.666666667   0.000000000  -0.666666667 ) 

    1    1
  0.25695687   0.00000000     0.00000000  -0.00879007    -0.00885212   0.00000000
  0.00000000   0.00879007     0.30190664   0.00000000     0.00000000  -0.00879007
 -0.00885212   0.00000000     0.00000000   0.00879007     0.25695687   0.00000000
    1    2
 -0.06231497   0.00000000     0.00000000   0.07805103    -0.14186946   0.00000000
  0.00000000   0.07805103    -0.08428995   0.00000000    -0.00000000  -0.07805103
 -0.14186946   0.00000000    -0.00000000  -0.07805103    -0.06231497   0.00000000
    2    1
 -0.06231497  -0.00000000     0.00000000  -0.07805103    -0.14186946  -0.00000000
  0.00000000  -0.07805103    -0.08428995  -0.00000000    -0.00000000   0.07805103
 -0.14186946  -0.00000000    -0.00000000   0.07805103    -0.06231497  -0.00000000
    2    2
  0.25695687   0.00000000     0.00000000   0.00879007    -0.00885212   0.00000000
  0.00000000  -0.00879007     0.30190664   0.00000000     0.00000000   0.00879007
 -0.00885212   0.00000000     0.00000000  -0.00879007     0.25695687   0.00000000

     Dynamical  Matrix in cartesian axes

     q = (    0.000000000   0.666666667  -0.666666667 ) 

    1    1
  0.30190664   0.00000000     0.00000000   0.00879007     0.00000000  -0.00879007
  0.00000000  -0.00879007     0.25695687   0.00000000    -0.00885212   0.00000000
  0.00000000   0.00879007    -0.00885212   0.00000000     0.25695687   0.00000000
    1    2
 -0.08428995   0.00000000     0.00000000   0.07805103    -0.00000000  -0.07805103
 -0.00000000   0.07805103    -0.06231497   0.00000000    -0.14186946  -0.00000000
  0.00000000  -0.07805103    -0.14186946  -0.00000000    -0.06231497   0.00000000
    2    1
 -0.08428995   0.00000000    -0.00000000  -0.07805103     0.00000000   0.07805103
  0.00000000  -0.07805103    -0.06231497   0.00000000    -0.14186946  -0.00000000
 -0.00000000   0.07805103    -0.14186946  -0.00000000    -0.06231497   0.00000000
    2    2
  0.30190664   0.00000000     0.00000000  -0.00879007     0.00000000   0.00879007
  0.00000000   0.00879007     0.25695687   0.00000000    -0.00885212   0.00000000
  0.00000000  -0.00879007    -0.00885212   0.00000000     0.25695687   0.00000000

     Dynamical  Matrix in cartesian axes

     q = (   -0.666666667   0.666666667   0.000000000 ) 

    1    1
  0.25695687   0.00000000    -0.00885212   0.00000000     0.00000000   0.00879007
 -0.00885212   0.00000000     0.25695687   0.00000000     0.00000000  -0.00879007
  0.00000000  -0.00879007     0.00000000   0.00879007     0.30190664   0.00000000
    1    2
 -0.06231497  -0.00000000    -0.14186946  -0.00000000     0.00000000  -0.07805103
 -0.14186946  -0.00000000    -0.06231497  -0.00000000    -0.00000000   0.07805103
  0.00000000  -0.07805103     0.00000000   0.07805103    -0.08428995   0.00000000
    2    1
 -0.06231497   0.00000000    -0.14186946  -0.00000000     0.00000000   0.07805103
 -0.14186946   0.00000000    -0.06231497   0.00000000    -0.00000000  -0.07805103
  0.00000000   0.07805103    -0.00000000  -0.07805103    -0.08428995   0.00000000
    2    2
  0.25695687   0.00000000    -0.00885212   0.00000000     0.00000000  -0.00879007
 -0.00885212   0.00000000     0.25695687   0.00000000     0.00000000   0.00879007
  0.00000000   0.00879007     0.00000000  -0.00879007     0.30190664   0.00000000

     Dynamical  Matrix in cartesian axes

     q = (    0.000000000   0.666666667   0.666666667 ) 

    1    1
  0.30190664   0.00000000     0.00000000  -0.00879007     0.00000000  -0.00879007
  0.00000000   0.00879007     0.25695687   0.00000000     0.00885212   0.00000000
  0.00000000   0.00879007     0.00885212   0.00000000     0.25695687   0.00000000
    1    2
  0.04214498   0.07299724    -0.06759418   0.03902552    -0.06759418   0.03902552
 -0.06759418   0.03902552     0.03115748   0.05396634    -0.07093473  -0.12286256
 -0.06759418   0.03902552    -0.07093473  -0.12286256     0.03115748   0.05396634
    2    1
  0.04214498  -0.07299724    -0.06759418  -0.03902552    -0.06759418  -0.03902552
 -0.06759418  -0.03902552     0.03115748  -0.05396634    -0.07093473   0.12286256
 -0.06759418  -0.03902552    -0.07093473   0.12286256     0.03115748  -0.05396634
    2    2
  0.30190664   0.00000000     0.00000000   0.00879007     0.00000000   0.00879007
  0.00000000  -0.00879007     0.25695687   0.00000000     0.00885212   0.00000000
  0.00000000  -0.00879007     0.00885212   0.00000000     0.25695687   0.00000000

     Dynamical  Matrix in cartesian axes

     q = (    0.000000000  -0.666666667  -0.666666667 ) 

    1    1
  0.30190664   0.00000000     0.00000000   0.00879007     0.00000000   0.00879007
  0.00000000  -0.00879007     0.25695687   0.00000000     0.00885212   0.00000000
  0.00000000  -0.00879007     0.00885212   0.00000000     0.25695687   0.00000000
    1    2
  0.04214498  -0.07299724    -0.06759418  -0.03902552    -0.06759418  -0.03902552
 -0.06759418  -0.03902552     0.03115748  -0.05396634    -0.07093473   0.12286256
 -0.06759418  -0.03902552    -0.07093473   0.12286256     0.03115748  -0.05396634
    2    1
  0.04214498   0.07299724    -0.06759418   0.03902552    -0.06759418   0.03902552
 -0.06759418   0.03902552     0.03115748   0.05396634    -0.07093473  -0.12286256
 -0.06759418   0.03902552    -0.07093473  -0.12286256     0.03115748   0.05396634
    2    2
  0.30190664   0.00000000     0.00000000  -0.00879007     0.00000000  -0.00879007
  0.00000000   0.00879007     0.25695687   0.00000000     0.00885212   0.00000000
  0.00000000   0.00879007     0.00885212   0.00000000     0.25695687   0.00000000

     Dynamical  Matrix in cartesian axes

     q = (    0.666666667  -0.666666667   0.000000000 ) 

    1    1
  0.25695687   0.00000000    -0.00885212   0.00000000     0.00000000  -0.00879007
 -0.00885212   0.00000000     0.25695687   0.00000000     0.00000000   0.00879007
  0.00000000   0.00879007     0.00000000  -0.00879007     0.30190664   0.00000000
    1    2
 -0.06231497   0.00000000    -0.14186946  -0.00000000     0.00000000   0.07805103
 -0.14186946   0.00000000    -0.06231497   0.00000000    -0.00000000  -0.07805103
  0.00000000   0.07805103    -0.00000000  -0.07805103    -0.08428995   0.00000000
    2    1
 -0.06231497  -0.00000000    -0.14186946  -0.00000000     0.00000000  -0.07805103
 -0.14186946  -0.00000000    -0.06231497  -0.00000000    -0.00000000   0.07805103
  0.00000000  -0.07805103     0.00000000   0.07805103    -0.08428995   0.00000000
    2    2
  0.25695687   0.00000000    -0.00885212   0.00000000     0.00000000   0.00879007
 -0.00885212   0.00000000     0.25695687   0.00000000     0.00000000  -0.00879007
  0.00000000  -0.00879007     0.00000000   0.00879007     0.30190664   0.00000000

     Dynamical  Matrix in cartesian axes

     q = (    0.666666667   0.666666667   0.000000000 ) 

    1    1
  0.25695687   0.00000000     0.00885212   0.00000000     0.00000000   0.00879007
  0.00885212   0.00000000     0.25695687   0.00000000     0.00000000   0.00879007
  0.00000000  -0.00879007     0.00000000  -0.00879007     0.30190664   0.00000000
    1    2
  0.03115748   0.05396634    -0.07093473  -0.12286256    -0.06759418   0.03902552
 -0.07093473  -0.12286256     0.03115748   0.05396634    -0.06759418   0.03902552
 -0.06759418   0.03902552    -0.06759418   0.03902552     0.04214498   0.07299724
    2    1
  0.03115748  -0.05396634    -0.07093473   0.12286256    -0.06759418  -0.03902552
 -0.07093473   0.12286256     0.03115748  -0.05396634    -0.06759418  -0.03902552
 -0.06759418  -0.03902552    -0.06759418  -0.03902552     0.04214498  -0.07299724
    2    2
  0.25695687   0.00000000     0.00885212   0.00000000     0.00000000  -0.00879007
  0.00885212   0.00000000     0.25695687   0.00000000     0.00000000  -0.00879007
  0.00000000   0.00879007     0.00000000   0.00879007     0.30190664   0.00000000

     Dynamical  Matrix in cartesian axes

     q = (   -0.666666667  -0.666666667   0.000000000 ) 

    1    1
  0.25695687   0.00000000     0.00885212   0.00000000     0.00000000  -0.00879007
  0.00885212   0.00000000     0.25695687   0.00000000     0.00000000  -0.00879007
  0.00000000   0.00879007     0.00000000   0.00879007     0.30190664   0.00000000
    1    2
  0.03115748  -0.05396634    -0.07093473   0.12286256    -0.06759418  -0.03902552
 -0.07093473   0.12286256     0.03115748  -0.05396634    -0.06759418  -0.03902552
 -0.06759418  -0.03902552    -0.06759418  -0.03902552     0.04214498  -0.07299724
    2    1
  0.03115748   0.05396634    -0.07093473  -0.12286256    -0.06759418   0.03902552
 -0.07093473  -0.12286256     0.03115748   0.05396634    -0.06759418   0.03902552
 -0.06759418   0.03902552    -0.06759418   0.03902552     0.04214498   0.07299724
    2    2
  0.25695687   0.00000000     0.00885212   0.00000000     0.00000000   0.00879007
  0.00885212   0.00000000     0.25695687   0.00000000     0.00000000   0.00879007
  0.00000000  -0.00879007     0.00000000  -0.00879007     0.30190664   0.00000000

     Dynamical  Matrix in cartesian axes

     q = (    0.000000000  -0.666666667   0.666666667 ) 

    1    1
  0.30190664   0.00000000     0.00000000  -0.00879007     0.00000000   0.00879007
  0.00000000   0.00879007     0.25695687   0.00000000    -0.00885212   0.00000000
  0.00000000  -0.00879007    -0.00885212   0.00000000     0.25695687   0.00000000
    1    2
 -0.08428995   0.00000000    -0.00000000  -0.07805103    -0.00000000   0.07805103
  0.00000000  -0.07805103    -0.06231497   0.00000000    -0.14186946  -0.00000000
 -0.00000000   0.07805103    -0.14186946  -0.00000000    -0.06231497   0.00000000
    2    1
 -0.08428995   0.00000000     0.00000000   0.07805103    -0.00000000  -0.07805103
 -0.00000000   0.07805103    -0.06231497   0.00000000    -0.14186946  -0.00000000
  0.00000000  -0.07805103    -0.14186946  -0.00000000    -0.06231497   0.00000000
    2    2
  0.30190664   0.00000000     0.00000000   0.00879007     0.00000000  -0.00879007
  0.00000000  -0.00879007     0.25695687   0.00000000    -0.00885212   0.00000000
  0.00000000   0.00879007    -0.00885212   0.00000000     0.25695687   0.00000000

     Diagonalizing the dynamical matrix

     q = (    0.666666667  -0.000000000   0.666666667 ) 

 **************************************************************************
     freq (    1) =       4.309211 [THz] =     143.739803 [cm-1]
 (  0.250000  0.433013  0.000000 -0.000000 -0.250000 -0.433013 ) 
 ( -0.500000 -0.000000  0.000000  0.000000  0.500000  0.000000 ) 
     freq (    2) =       6.590702 [THz] =     219.842162 [cm-1]
 ( -0.190237 -0.329500 -0.397316  0.229390 -0.190237 -0.329500 ) 
 ( -0.380473 -0.000000  0.000000 -0.458781 -0.380473  0.000000 ) 
     freq (    3) =      10.100157 [THz] =     336.904976 [cm-1]
 ( -0.190722 -0.330340  0.395919 -0.228584 -0.190722 -0.330340 ) 
 (  0.381443 -0.000000 -0.000000 -0.457167  0.381443  0.000000 ) 
     freq (    4) =      11.283504 [THz] =     376.377167 [cm-1]
 (  0.162204  0.280945 -0.465983  0.269035  0.162204  0.280945 ) 
 (  0.324407 -0.000000 -0.000000 -0.538071  0.324407  0.000000 ) 
     freq (    5) =      13.828438 [THz] =     461.267047 [cm-1]
 (  0.250000  0.433013  0.000000 -0.000000 -0.250000 -0.433013 ) 
 (  0.500000 -0.000000  0.000000 -0.000000 -0.500000  0.000000 ) 
     freq (    6) =      14.397463 [THz] =     480.247666 [cm-1]
 ( -0.161633 -0.279957 -0.467171  0.269721 -0.161633 -0.279957 ) 
 (  0.323266 -0.000000  0.000000  0.539442  0.323266  0.000000 ) 
 **************************************************************************
