Dynamical matrix file
phonons of Si                                                              
  1    2   2  10.2000000   0.0000000   0.0000000   0.0000000   0.0000000   0.0000000
           1  'Si  '    25598.823011949724     
    1    1      0.0000000000      0.0000000000      0.0000000000
    2    1      0.2500000000      0.2500000000      0.2500000000

     Dynamical  Matrix in cartesian axes

     q = (    0.500000000  -0.166666667   0.500000000 ) 

    1    1
  0.27028583   0.00000000    -0.00865005   0.00743796     0.01305985   0.00000000
 -0.00865005  -0.00743796     0.28416766   0.00000000    -0.00865005  -0.00743796
  0.01305985   0.00000000    -0.00865005   0.00743796     0.27028583   0.00000000
    1    2
 -0.07009800   0.11037537    -0.09053233   0.00187292     0.04904158  -0.07678152
 -0.09053233   0.00187292    -0.07484398   0.12420476    -0.09053233   0.00187292
  0.04904158  -0.07678152    -0.09053233   0.00187292    -0.07009800   0.11037537
    2    1
 -0.07009800  -0.11037537    -0.09053233  -0.00187292     0.04904158   0.07678152
 -0.09053233  -0.00187292    -0.07484398  -0.12420476    -0.09053233  -0.00187292
  0.04904158   0.07678152    -0.09053233  -0.00187292    -0.07009800  -0.11037537
    2    2
  0.27028583  -0.00000000    -0.00865005  -0.00743796     0.01305985  -0.00000000
 -0.00865005   0.00743796     0.28416766  -0.00000000    -0.00865005   0.00743796
  0.01305985  -0.00000000    -0.00865005  -0.00743796     0.27028583  -0.00000000

     Dynamical  Matrix in cartesian axes

     q = (   -0.500000000  -0.166666667  -0.500000000 ) 

    1    1
  0.27028583  -0.00000000     0.00865005  -0.00743796     0.01305985  -0.00000000
  0.00865005   0.00743796     0.28416766  -0.00000000     0.00865005   0.00743796
  0.01305985  -0.00000000     0.00865005  -0.00743796     0.27028583  -0.00000000
    1    2
  0.07009800  -0.11037537    -0.09053233   0.00187292    -0.04904158   0.07678152
 -0.09053233   0.00187292     0.07484398  -0.12420476    -0.09053233   0.00187292
 -0.04904158   0.07678152    -0.09053233   0.00187292     0.07009800  -0.11037537
    2    1
  0.07009800   0.11037537    -0.09053233  -0.00187292    -0.04904158  -0.07678152
 -0.09053233  -0.00187292     0.07484398   0.12420476    -0.09053233  -0.00187292
 -0.04904158  -0.07678152    -0.09053233  -0.00187292     0.07009800   0.11037537
    2    2
  0.27028583   0.00000000     0.00865005   0.00743796     0.01305985   0.00000000
  0.00865005  -0.00743796     0.28416766   0.00000000     0.00865005  -0.00743796
  0.01305985   0.00000000     0.00865005   0.00743796     0.27028583   0.00000000

     Dynamical  Matrix in cartesian axes

     q = (    0.500000000  -0.166666667  -0.500000000 ) 

    1    1
  0.27028583   0.00000000    -0.00865005  -0.00743796    -0.01305985   0.00000000
 -0.00865005   0.00743796     0.28416766  -0.00000000     0.00865005  -0.00743796
 -0.01305985   0.00000000     0.00865005   0.00743796     0.27028583   0.00000000
    1    2
 -0.13063688   0.00551896    -0.04688816   0.07746684    -0.09101554   0.00408050
 -0.04688816   0.07746684    -0.14498647   0.00271440     0.04688816  -0.07746684
 -0.09101554   0.00408050     0.04688816  -0.07746684    -0.13063688   0.00551896
    2    1
 -0.13063688  -0.00551896    -0.04688816  -0.07746684    -0.09101554  -0.00408050
 -0.04688816  -0.07746684    -0.14498647  -0.00271440     0.04688816   0.07746684
 -0.09101554  -0.00408050     0.04688816   0.07746684    -0.13063688  -0.00551896
    2    2
  0.27028583   0.00000000    -0.00865005   0.00743796    -0.01305985   0.00000000
 -0.00865005  -0.00743796     0.28416766   0.00000000     0.00865005   0.00743796
 -0.01305985   0.00000000     0.00865005  -0.00743796     0.27028583   0.00000000

     Dynamical  Matrix in cartesian axes

     q = (   -0.500000000  -0.166666667   0.500000000 ) 

    1    1
  0.27028583   0.00000000     0.00865005   0.00743796    -0.01305985   0.00000000
  0.00865005  -0.00743796     0.28416766   0.00000000    -0.00865005   0.00743796
 -0.01305985   0.00000000    -0.00865005  -0.00743796     0.27028583   0.00000000
    1    2
 -0.13063688   0.00551896     0.04688816  -0.07746684    -0.09101554   0.00408050
  0.04688816  -0.07746684    -0.14498647   0.00271440    -0.04688816   0.07746684
 -0.09101554   0.00408050    -0.04688816   0.07746684    -0.13063688   0.00551896
    2    1
 -0.13063688  -0.00551896     0.04688816   0.07746684    -0.09101554  -0.00408050
  0.04688816   0.07746684    -0.14498647  -0.00271440    -0.04688816  -0.07746684
 -0.09101554  -0.00408050    -0.04688816  -0.07746684    -0.13063688  -0.00551896
    2    2
  0.27028583   0.00000000     0.00865005  -0.00743796    -0.01305985   0.00000000
  0.00865005   0.00743796     0.28416766  -0.00000000    -0.00865005  -0.00743796
 -0.01305985   0.00000000    -0.00865005   0.00743796     0.27028583   0.00000000

     Dynamical  Matrix in cartesian axes

     q = (   -0.166666667   0.500000000  -0.500000000 ) 

    1    1
  0.28416766  -0.00000000    -0.00865005   0.00743796     0.00865005  -0.00743796
 -0.00865005  -0.00743796     0.27028583  -0.00000000    -0.01305985   0.00000000
  0.00865005   0.00743796    -0.01305985   0.00000000     0.27028583  -0.00000000
    1    2
 -0.14498647   0.00271440    -0.04688816   0.07746684     0.04688816  -0.07746684
 -0.04688816   0.07746684    -0.13063688   0.00551896    -0.09101554   0.00408050
  0.04688816  -0.07746684    -0.09101554   0.00408050    -0.13063688   0.00551896
    2    1
 -0.14498647  -0.00271440    -0.04688816  -0.07746684     0.04688816   0.07746684
 -0.04688816  -0.07746684    -0.13063688  -0.00551896    -0.09101554  -0.00408050
  0.04688816   0.07746684    -0.09101554  -0.00408050    -0.13063688  -0.00551896
    2    2
  0.28416766   0.00000000    -0.00865005  -0.00743796     0.00865005   0.00743796
 -0.00865005   0.00743796     0.27028583   0.00000000    -0.01305985  -0.00000000
  0.00865005  -0.00743796    -0.01305985  -0.00000000     0.27028583   0.00000000

     Dynamical  Matrix in cartesian axes

     q = (   -0.500000000   0.500000000  -0.166666667 ) 

    1    1
  0.27028583  -0.00000000    -0.01305985   0.00000000     0.00865005   0.00743796
 -0.01305985   0.00000000     0.27028583  -0.00000000    -0.00865005  -0.00743796
  0.00865005  -0.00743796    -0.00865005   0.00743796     0.28416766  -0.00000000
    1    2
 -0.13063688   0.00551896    -0.09101554   0.00408050     0.04688816  -0.07746684
 -0.09101554   0.00408050    -0.13063688   0.00551896    -0.04688816   0.07746684
  0.04688816  -0.07746684    -0.04688816   0.07746684    -0.14498647   0.00271440
    2    1
 -0.13063688  -0.00551896    -0.09101554  -0.00408050     0.04688816   0.07746684
 -0.09101554  -0.00408050    -0.13063688  -0.00551896    -0.04688816  -0.07746684
  0.04688816   0.07746684    -0.04688816  -0.07746684    -0.14498647  -0.00271440
    2    2
  0.27028583   0.00000000    -0.01305985  -0.00000000     0.00865005  -0.00743796
 -0.01305985  -0.00000000     0.27028583   0.00000000    -0.00865005   0.00743796
  0.00865005   0.00743796    -0.00865005  -0.00743796     0.28416766   0.00000000

     Dynamical  Matrix in cartesian axes

     q = (    0.500000000   0.166666667   0.500000000 ) 

    1    1
  0.27028583   0.00000000     0.00865005   0.00743796     0.01305985   0.00000000
  0.00865005  -0.00743796     0.28416766   0.00000000     0.00865005  -0.00743796
  0.01305985   0.00000000     0.00865005   0.00743796     0.27028583   0.00000000
    1    2
  0.07009800   0.11037537    -0.09053233  -0.00187292    -0.04904158  -0.07678152
 -0.09053233  -0.00187292     0.07484398   0.12420476    -0.09053233  -0.00187292
 -0.04904158  -0.07678152    -0.09053233  -0.00187292     0.07009800   0.11037537
    2    1
  0.07009800  -0.11037537    -0.09053233   0.00187292    -0.04904158   0.07678152
 -0.09053233   0.00187292     0.07484398  -0.12420476    -0.09053233   0.00187292
 -0.04904158   0.07678152    -0.09053233   0.00187292     0.07009800  -0.11037537
    2    2
  0.27028583  -0.00000000     0.00865005  -0.00743796     0.01305985  -0.00000000
  0.00865005   0.00743796     0.28416766  -0.00000000     0.00865005   0.00743796
  0.01305985  -0.00000000     0.00865005  -0.00743796     0.27028583  -0.00000000

     Dynamical  Matrix in cartesian axes

     q = (   -0.500000000   0.166666667   0.500000000 ) 

    1    1
  0.27028583   0.00000000    -0.00865005   0.00743796    -0.01305985   0.00000000
 -0.00865005  -0.00743796     0.28416766   0.00000000     0.00865005   0.00743796
 -0.01305985   0.00000000     0.00865005  -0.00743796     0.27028583   0.00000000
    1    2
 -0.13063688  -0.00551896    -0.04688816  -0.07746684    -0.09101554  -0.00408050
 -0.04688816  -0.07746684    -0.14498647  -0.00271440     0.04688816   0.07746684
 -0.09101554  -0.00408050     0.04688816   0.07746684    -0.13063688  -0.00551896
    2    1
 -0.13063688   0.00551896    -0.04688816   0.07746684    -0.09101554   0.00408050
 -0.04688816   0.07746684    -0.14498647   0.00271440     0.04688816  -0.07746684
 -0.09101554   0.00408050     0.04688816  -0.07746684    -0.13063688   0.00551896
    2    2
  0.27028583   0.00000000    -0.00865005  -0.00743796    -0.01305985   0.00000000
 -0.00865005   0.00743796     0.28416766  -0.00000000     0.00865005  -0.00743796
 -0.01305985   0.00000000     0.00865005   0.00743796     0.27028583   0.00000000

     Dynamical  Matrix in cartesian axes

     q = (    0.500000000   0.166666667  -0.500000000 ) 

    1    1
  0.27028583   0.00000000     0.00865005  -0.00743796    -0.01305985   0.00000000
  0.00865005   0.00743796     0.28416766  -0.00000000    -0.00865005  -0.00743796
 -0.01305985   0.00000000    -0.00865005   0.00743796     0.27028583   0.00000000
    1    2
 -0.13063688  -0.00551896     0.04688816   0.07746684    -0.09101554  -0.00408050
  0.04688816   0.07746684    -0.14498647  -0.00271440    -0.04688816  -0.07746684
 -0.09101554  -0.00408050    -0.04688816  -0.07746684    -0.13063688  -0.00551896
    2    1
 -0.13063688   0.00551896     0.04688816  -0.07746684    -0.09101554   0.00408050
  0.04688816  -0.07746684    -0.14498647   0.00271440    -0.04688816   0.07746684
 -0.09101554   0.00408050    -0.04688816   0.07746684    -0.13063688   0.00551896
    2    2
  0.27028583   0.00000000     0.00865005   0.00743796    -0.01305985   0.00000000
  0.00865005  -0.00743796     0.28416766   0.00000000    -0.00865005   0.00743796
 -0.01305985   0.00000000    -0.00865005  -0.00743796     0.27028583   0.00000000

     Dynamical  Matrix in cartesian axes

     q = (   -0.166666667   0.500000000   0.500000000 ) 

    1    1
  0.28416766   0.00000000    -0.00865005  -0.00743796    -0.00865005  -0.00743796
 -0.00865005   0.00743796     0.27028583   0.00000000     0.01305985  -0.00000000
 -0.00865005   0.00743796     0.01305985  -0.00000000     0.27028583   0.00000000
    1    2
 -0.07484398   0.12420476    -0.09053233   0.00187292    -0.09053233   0.00187292
 -0.09053233   0.00187292    -0.07009800   0.11037537     0.04904158  -0.07678152
 -0.09053233   0.00187292     0.04904158  -0.07678152    -0.07009800   0.11037537
    2    1
 -0.07484398  -0.12420476    -0.09053233  -0.00187292    -0.09053233  -0.00187292
 -0.09053233  -0.00187292    -0.07009800  -0.11037537     0.04904158   0.07678152
 -0.09053233  -0.00187292     0.04904158   0.07678152    -0.07009800  -0.11037537
    2    2
  0.28416766  -0.00000000    -0.00865005   0.00743796    -0.00865005   0.00743796
 -0.00865005  -0.00743796     0.27028583  -0.00000000     0.01305985   0.00000000
 -0.00865005  -0.00743796     0.01305985   0.00000000     0.27028583  -0.00000000

     Dynamical  Matrix in cartesian axes

     q = (    0.166666667   0.500000000  -0.500000000 ) 

    1    1
  0.28416766  -0.00000000     0.00865005   0.00743796    -0.00865005  -0.00743796
  0.00865005  -0.00743796     0.27028583  -0.00000000    -0.01305985   0.00000000
 -0.00865005   0.00743796    -0.01305985   0.00000000     0.27028583  -0.00000000
    1    2
 -0.14498647  -0.00271440     0.04688816   0.07746684    -0.04688816  -0.07746684
  0.04688816   0.07746684    -0.13063688  -0.00551896    -0.09101554  -0.00408050
 -0.04688816  -0.07746684    -0.09101554  -0.00408050    -0.13063688  -0.00551896
    2    1
 -0.14498647   0.00271440     0.04688816  -0.07746684    -0.04688816   0.07746684
  0.04688816  -0.07746684    -0.13063688   0.00551896    -0.09101554   0.00408050
 -0.04688816   0.07746684    -0.09101554   0.00408050    -0.13063688   0.00551896
    2    2
  0.28416766   0.00000000     0.00865005  -0.00743796    -0.00865005   0.00743796
  0.00865005   0.00743796     0.27028583   0.00000000    -0.01305985  -0.00000000
 -0.00865005  -0.00743796    -0.01305985  -0.00000000     0.27028583   0.00000000

     Dynamical  Matrix in cartesian axes

     q = (   -0.166666667  -0.500000000  -0.500000000 ) 

    1    1
  0.28416766  -0.00000000     0.00865005   0.00743796     0.00865005   0.00743796
  0.00865005  -0.00743796     0.27028583  -0.00000000     0.01305985   0.00000000
  0.00865005  -0.00743796     0.01305985   0.00000000     0.27028583  -0.00000000
    1    2
  0.07484398  -0.12420476    -0.09053233   0.00187292    -0.09053233   0.00187292
 -0.09053233   0.00187292     0.07009800  -0.11037537    -0.04904158   0.07678152
 -0.09053233   0.00187292    -0.04904158   0.07678152     0.07009800  -0.11037537
    2    1
  0.07484398   0.12420476    -0.09053233  -0.00187292    -0.09053233  -0.00187292
 -0.09053233  -0.00187292     0.07009800   0.11037537    -0.04904158  -0.07678152
 -0.09053233  -0.00187292    -0.04904158  -0.07678152     0.07009800   0.11037537
    2    2
  0.28416766   0.00000000     0.00865005  -0.00743796     0.00865005  -0.00743796
  0.00865005   0.00743796     0.27028583   0.00000000     0.01305985  -0.00000000
  0.00865005   0.00743796     0.01305985  -0.00000000     0.27028583   0.00000000

     Dynamical  Matrix in cartesian axes

     q = (    0.500000000  -0.500000000   0.166666667 ) 

    1    1
  0.27028583   0.00000000    -0.01305985  -0.00000000     0.00865005  -0.00743796
 -0.01305985  -0.00000000     0.27028583   0.00000000    -0.00865005   0.00743796
  0.00865005   0.00743796    -0.00865005  -0.00743796     0.28416766   0.00000000
    1    2
 -0.13063688  -0.00551896    -0.09101554  -0.00408050     0.04688816   0.07746684
 -0.09101554  -0.00408050    -0.13063688  -0.00551896    -0.04688816  -0.07746684
  0.04688816   0.07746684    -0.04688816  -0.07746684    -0.14498647  -0.00271440
    2    1
 -0.13063688   0.00551896    -0.09101554   0.00408050     0.04688816  -0.07746684
 -0.09101554   0.00408050    -0.13063688   0.00551896    -0.04688816   0.07746684
  0.04688816  -0.07746684    -0.04688816   0.07746684    -0.14498647   0.00271440
    2    2
  0.27028583  -0.00000000    -0.01305985   0.00000000     0.00865005   0.00743796
 -0.01305985   0.00000000     0.27028583  -0.00000000    -0.00865005  -0.00743796
  0.00865005  -0.00743796    -0.00865005   0.00743796     0.28416766  -0.00000000

     Dynamical  Matrix in cartesian axes

     q = (    0.500000000   0.500000000  -0.166666667 ) 

    1    1
  0.27028583  -0.00000000     0.01305985  -0.00000000    -0.00865005   0.00743796
  0.01305985  -0.00000000     0.27028583  -0.00000000    -0.00865005   0.00743796
 -0.00865005  -0.00743796    -0.00865005  -0.00743796     0.28416766  -0.00000000
    1    2
 -0.07009800   0.11037537     0.04904158  -0.07678152    -0.09053233   0.00187292
  0.04904158  -0.07678152    -0.07009800   0.11037537    -0.09053233   0.00187292
 -0.09053233   0.00187292    -0.09053233   0.00187292    -0.07484398   0.12420476
    2    1
 -0.07009800  -0.11037537     0.04904158   0.07678152    -0.09053233  -0.00187292
  0.04904158   0.07678152    -0.07009800  -0.11037537    -0.09053233  -0.00187292
 -0.09053233  -0.00187292    -0.09053233  -0.00187292    -0.07484398  -0.12420476
    2    2
  0.27028583   0.00000000     0.01305985   0.00000000    -0.00865005  -0.00743796
  0.01305985   0.00000000     0.27028583   0.00000000    -0.00865005  -0.00743796
 -0.00865005   0.00743796    -0.00865005   0.00743796     0.28416766   0.00000000

     Dynamical  Matrix in cartesian axes

     q = (   -0.500000000  -0.500000000  -0.166666667 ) 

    1    1
  0.27028583   0.00000000     0.01305985   0.00000000     0.00865005  -0.00743796
  0.01305985   0.00000000     0.27028583   0.00000000     0.00865005  -0.00743796
  0.00865005   0.00743796     0.00865005   0.00743796     0.28416766   0.00000000
    1    2
  0.07009800  -0.11037537    -0.04904158   0.07678152    -0.09053233   0.00187292
 -0.04904158   0.07678152     0.07009800  -0.11037537    -0.09053233   0.00187292
 -0.09053233   0.00187292    -0.09053233   0.00187292     0.07484398  -0.12420476
    2    1
  0.07009800   0.11037537    -0.04904158  -0.07678152    -0.09053233  -0.00187292
 -0.04904158  -0.07678152     0.07009800   0.11037537    -0.09053233  -0.00187292
 -0.09053233  -0.00187292    -0.09053233  -0.00187292     0.07484398   0.12420476
    2    2
  0.27028583  -0.00000000     0.01305985  -0.00000000     0.00865005   0.00743796
  0.01305985  -0.00000000     0.27028583  -0.00000000     0.00865005   0.00743796
  0.00865005  -0.00743796     0.00865005  -0.00743796     0.28416766  -0.00000000

     Dynamical  Matrix in cartesian axes

     q = (   -0.500000000   0.500000000   0.166666667 ) 

    1    1
  0.27028583   0.00000000    -0.01305985  -0.00000000    -0.00865005   0.00743796
 -0.01305985  -0.00000000     0.27028583   0.00000000     0.00865005  -0.00743796
 -0.00865005  -0.00743796     0.00865005   0.00743796     0.28416766   0.00000000
    1    2
 -0.13063688  -0.00551896    -0.09101554  -0.00408050    -0.04688816  -0.07746684
 -0.09101554  -0.00408050    -0.13063688  -0.00551896     0.04688816   0.07746684
 -0.04688816  -0.07746684     0.04688816   0.07746684    -0.14498647  -0.00271440
    2    1
 -0.13063688   0.00551896    -0.09101554   0.00408050    -0.04688816   0.07746684
 -0.09101554   0.00408050    -0.13063688   0.00551896     0.04688816  -0.07746684
 -0.04688816   0.07746684     0.04688816  -0.07746684    -0.14498647   0.00271440
    2    2
  0.27028583  -0.00000000    -0.01305985   0.00000000    -0.00865005  -0.00743796
 -0.01305985   0.00000000     0.27028583  -0.00000000     0.00865005   0.00743796
 -0.00865005   0.00743796     0.00865005  -0.00743796     0.28416766  -0.00000000

     Dynamical  Matrix in cartesian axes

     q = (    0.166666667  -0.500000000   0.500000000 ) 

    1    1
  0.28416766   0.00000000    -0.00865005  -0.00743796     0.00865005   0.00743796
 -0.00865005   0.00743796     0.27028583   0.00000000    -0.01305985  -0.00000000
  0.00865005  -0.00743796    -0.01305985  -0.00000000     0.27028583   0.00000000
    1    2
 -0.14498647  -0.00271440    -0.04688816  -0.07746684     0.04688816   0.07746684
 -0.04688816  -0.07746684    -0.13063688  -0.00551896    -0.09101554  -0.00408050
  0.04688816   0.07746684    -0.09101554  -0.00408050    -0.13063688  -0.00551896
    2    1
 -0.14498647   0.00271440    -0.04688816   0.07746684     0.04688816  -0.07746684
 -0.04688816   0.07746684    -0.13063688   0.00551896    -0.09101554   0.00408050
  0.04688816  -0.07746684    -0.09101554   0.00408050    -0.13063688   0.00551896
    2    2
  0.28416766  -0.00000000    -0.00865005   0.00743796     0.00865005  -0.00743796
 -0.00865005  -0.00743796     0.27028583  -0.00000000    -0.01305985   0.00000000
  0.00865005   0.00743796    -0.01305985   0.00000000     0.27028583  -0.00000000

     Dynamical  Matrix in cartesian axes

     q = (    0.166666667   0.500000000   0.500000000 ) 

    1    1
  0.28416766   0.00000000     0.00865005  -0.00743796     0.00865005  -0.00743796
  0.00865005   0.00743796     0.27028583   0.00000000     0.01305985  -0.00000000
  0.00865005   0.00743796     0.01305985  -0.00000000     0.27028583   0.00000000
    1    2
  0.07484398   0.12420476    -0.09053233  -0.00187292    -0.09053233  -0.00187292
 -0.09053233  -0.00187292     0.07009800   0.11037537    -0.04904158  -0.07678152
 -0.09053233  -0.00187292    -0.04904158  -0.07678152     0.07009800   0.11037537
    2    1
  0.07484398  -0.12420476    -0.09053233   0.00187292    -0.09053233   0.00187292
 -0.09053233   0.00187292     0.07009800  -0.11037537    -0.04904158   0.07678152
 -0.09053233   0.00187292    -0.04904158   0.07678152     0.07009800  -0.11037537
    2    2
  0.28416766  -0.00000000     0.00865005   0.00743796     0.00865005   0.00743796
  0.00865005  -0.00743796     0.27028583  -0.00000000     0.01305985   0.00000000
  0.00865005  -0.00743796     0.01305985   0.00000000     0.27028583  -0.00000000

     Dynamical  Matrix in cartesian axes

     q = (   -0.500000000   0.166666667  -0.500000000 ) 

    1    1
  0.27028583  -0.00000000    -0.00865005  -0.00743796     0.01305985  -0.00000000
 -0.00865005   0.00743796     0.28416766  -0.00000000    -0.00865005   0.00743796
  0.01305985  -0.00000000    -0.00865005  -0.00743796     0.27028583  -0.00000000
    1    2
 -0.07009800  -0.11037537    -0.09053233  -0.00187292     0.04904158   0.07678152
 -0.09053233  -0.00187292    -0.07484398  -0.12420476    -0.09053233  -0.00187292
  0.04904158   0.07678152    -0.09053233  -0.00187292    -0.07009800  -0.11037537
    2    1
 -0.07009800   0.11037537    -0.09053233   0.00187292     0.04904158  -0.07678152
 -0.09053233   0.00187292    -0.07484398   0.12420476    -0.09053233   0.00187292
  0.04904158  -0.07678152    -0.09053233   0.00187292    -0.07009800   0.11037537
    2    2
  0.27028583   0.00000000    -0.00865005   0.00743796     0.01305985   0.00000000
 -0.00865005  -0.00743796     0.28416766   0.00000000    -0.00865005  -0.00743796
  0.01305985   0.00000000    -0.00865005   0.00743796     0.27028583   0.00000000

     Dynamical  Matrix in cartesian axes

     q = (   -0.166666667  -0.500000000   0.500000000 ) 

    1    1
  0.28416766   0.00000000     0.00865005  -0.00743796    -0.00865005   0.00743796
  0.00865005   0.00743796     0.27028583   0.00000000    -0.01305985  -0.00000000
 -0.00865005  -0.00743796    -0.01305985  -0.00000000     0.27028583   0.00000000
    1    2
 -0.14498647   0.00271440     0.04688816  -0.07746684    -0.04688816   0.07746684
  0.04688816  -0.07746684    -0.13063688   0.00551896    -0.09101554   0.00408050
 -0.04688816   0.07746684    -0.09101554   0.00408050    -0.13063688   0.00551896
    2    1
 -0.14498647  -0.00271440     0.04688816   0.07746684    -0.04688816  -0.07746684
  0.04688816   0.07746684    -0.13063688  -0.00551896    -0.09101554  -0.00408050
 -0.04688816  -0.07746684    -0.09101554  -0.00408050    -0.13063688  -0.00551896
    2    2
  0.28416766  -0.00000000     0.00865005   0.00743796    -0.00865005  -0.00743796
  0.00865005  -0.00743796     0.27028583  -0.00000000    -0.01305985   0.00000000
 -0.00865005   0.00743796    -0.01305985   0.00000000     0.27028583  -0.00000000

     Dynamical  Matrix in cartesian axes

     q = (   -0.500000000  -0.500000000   0.166666667 ) 

    1    1
  0.27028583   0.00000000     0.01305985   0.00000000    -0.00865005  -0.00743796
  0.01305985   0.00000000     0.27028583   0.00000000    -0.00865005  -0.00743796
 -0.00865005   0.00743796    -0.00865005   0.00743796     0.28416766   0.00000000
    1    2
 -0.07009800  -0.11037537     0.04904158   0.07678152    -0.09053233  -0.00187292
  0.04904158   0.07678152    -0.07009800  -0.11037537    -0.09053233  -0.00187292
 -0.09053233  -0.00187292    -0.09053233  -0.00187292    -0.07484398  -0.12420476
    2    1
 -0.07009800   0.11037537     0.04904158  -0.07678152    -0.09053233   0.00187292
  0.04904158  -0.07678152    -0.07009800   0.11037537    -0.09053233   0.00187292
 -0.09053233   0.00187292    -0.09053233   0.00187292    -0.07484398   0.12420476
    2    2
  0.27028583  -0.00000000     0.01305985  -0.00000000    -0.00865005   0.00743796
  0.01305985  -0.00000000     0.27028583  -0.00000000    -0.00865005   0.00743796
 -0.00865005  -0.00743796    -0.00865005  -0.00743796     0.28416766  -0.00000000

     Dynamical  Matrix in cartesian axes

     q = (    0.500000000   0.500000000   0.166666667 ) 

    1    1
  0.27028583  -0.00000000     0.01305985  -0.00000000     0.00865005   0.00743796
  0.01305985  -0.00000000     0.27028583  -0.00000000     0.00865005   0.00743796
  0.00865005  -0.00743796     0.00865005  -0.00743796     0.28416766  -0.00000000
    1    2
  0.07009800   0.11037537    -0.04904158  -0.07678152    -0.09053233  -0.00187292
 -0.04904158  -0.07678152     0.07009800   0.11037537    -0.09053233  -0.00187292
 -0.09053233  -0.00187292    -0.09053233  -0.00187292     0.07484398   0.12420476
    2    1
  0.07009800  -0.11037537    -0.04904158   0.07678152    -0.09053233   0.00187292
 -0.04904158   0.07678152     0.07009800  -0.11037537    -0.09053233   0.00187292
 -0.09053233   0.00187292    -0.09053233   0.00187292     0.07484398  -0.12420476
    2    2
  0.27028583   0.00000000     0.01305985   0.00000000     0.00865005  -0.00743796
  0.01305985   0.00000000     0.27028583   0.00000000     0.00865005  -0.00743796
  0.00865005   0.00743796     0.00865005   0.00743796     0.28416766   0.00000000

     Dynamical  Matrix in cartesian axes

     q = (    0.166666667  -0.500000000  -0.500000000 ) 

    1    1
  0.28416766  -0.00000000    -0.00865005   0.00743796    -0.00865005   0.00743796
 -0.00865005  -0.00743796     0.27028583  -0.00000000     0.01305985   0.00000000
 -0.00865005  -0.00743796     0.01305985   0.00000000     0.27028583  -0.00000000
    1    2
 -0.07484398  -0.12420476    -0.09053233  -0.00187292    -0.09053233  -0.00187292
 -0.09053233  -0.00187292    -0.07009800  -0.11037537     0.04904158   0.07678152
 -0.09053233  -0.00187292     0.04904158   0.07678152    -0.07009800  -0.11037537
    2    1
 -0.07484398   0.12420476    -0.09053233   0.00187292    -0.09053233   0.00187292
 -0.09053233   0.00187292    -0.07009800   0.11037537     0.04904158  -0.07678152
 -0.09053233   0.00187292     0.04904158  -0.07678152    -0.07009800   0.11037537
    2    2
  0.28416766   0.00000000    -0.00865005  -0.00743796    -0.00865005  -0.00743796
 -0.00865005   0.00743796     0.27028583   0.00000000     0.01305985  -0.00000000
 -0.00865005   0.00743796     0.01305985  -0.00000000     0.27028583   0.00000000

     Dynamical  Matrix in cartesian axes

     q = (    0.500000000  -0.500000000  -0.166666667 ) 

    1    1
  0.27028583  -0.00000000    -0.01305985   0.00000000    -0.00865005  -0.00743796
 -0.01305985   0.00000000     0.27028583  -0.00000000     0.00865005   0.00743796
 -0.00865005   0.00743796     0.00865005  -0.00743796     0.28416766  -0.00000000
    1    2
 -0.13063688   0.00551896    -0.09101554   0.00408050    -0.04688816   0.07746684
 -0.09101554   0.00408050    -0.13063688   0.00551896     0.04688816  -0.07746684
 -0.04688816   0.07746684     0.04688816  -0.07746684    -0.14498647   0.00271440
    2    1
 -0.13063688  -0.00551896    -0.09101554  -0.00408050    -0.04688816  -0.07746684
 -0.09101554  -0.00408050    -0.13063688  -0.00551896     0.04688816   0.07746684
 -0.04688816  -0.07746684     0.04688816   0.07746684    -0.14498647  -0.00271440
    2    2
  0.27028583   0.00000000    -0.01305985  -0.00000000    -0.00865005   0.00743796
 -0.01305985  -0.00000000     0.27028583   0.00000000     0.00865005  -0.00743796
 -0.00865005  -0.00743796     0.00865005   0.00743796     0.28416766   0.00000000

     Diagonalizing the dynamical matrix

     q = (    0.500000000  -0.166666667   0.500000000 ) 

 **************************************************************************
     freq (    1) =       3.866845 [THz] =     128.984055 [cm-1]
 (  0.268501 -0.421790 -0.000000  0.000000 -0.268501  0.421790 ) 
 (  0.500000  0.000000 -0.000000  0.000000 -0.500000  0.000000 ) 
     freq (    2) =       5.146816 [THz] =     171.679309 [cm-1]
 ( -0.261877 -0.041769 -0.568968  0.188751 -0.261877 -0.041769 ) 
 ( -0.265187 -0.000000 -0.532136 -0.276013 -0.265187  0.000000 ) 
     freq (    3) =       9.138791 [THz] =     304.837247 [cm-1]
 (  0.209859  0.361407 -0.332190 -0.200844  0.209859  0.361407 ) 
 ( -0.417918  0.000000  0.340496  0.186417 -0.417918  0.000000 ) 
     freq (    4) =      12.558237 [THz] =     418.897680 [cm-1]
 (  0.117872  0.426400 -0.315426 -0.095313  0.117872  0.426400 ) 
 (  0.442392 -0.000000 -0.175910 -0.278628  0.442392  0.000000 ) 
     freq (    5) =      14.232194 [THz] =     474.734893 [cm-1]
 (  0.268501 -0.421790  0.000000 -0.000000 -0.268501  0.421790 ) 
 ( -0.500000  0.000000 -0.000000 -0.000000  0.500000  0.000000 ) 
     freq (    6) =      14.565965 [THz] =     485.868299 [cm-1]
 (  0.139151  0.199866  0.616624 -0.034015  0.139151  0.199866 ) 
 ( -0.243535  0.000000 -0.324411 -0.525490 -0.243535  0.000000 ) 
 **************************************************************************
