Dynamical matrix file
phonons of Si                                                              
  1    2   2  10.2000000   0.0000000   0.0000000   0.0000000   0.0000000   0.0000000
           1  'Si  '    25598.823011949724     
    1    1      0.0000000000      0.0000000000      0.0000000000
    2    1      0.2500000000      0.2500000000      0.2500000000

     Dynamical  Matrix in cartesian axes

     q = (   -0.166666667   0.500000000  -0.166666667 ) 

    1    1
  0.26062780   0.00000000    -0.00715659   0.00605549     0.00489065   0.00000000
 -0.00715659  -0.00605549     0.30237676   0.00000000    -0.00715659  -0.00605549
  0.00489065   0.00000000    -0.00715659   0.00605549     0.26062780   0.00000000
    1    2
 -0.16028432   0.05780470    -0.02109871   0.03794560    -0.02019594  -0.11754821
 -0.02109871   0.03794560    -0.16706786   0.06785108    -0.02109871   0.03794560
 -0.02019594  -0.11754821    -0.02109871   0.03794560    -0.16028432   0.05780470
    2    1
 -0.16028432  -0.05780470    -0.02109871  -0.03794560    -0.02019594   0.11754821
 -0.02109871  -0.03794560    -0.16706786  -0.06785108    -0.02109871  -0.03794560
 -0.02019594   0.11754821    -0.02109871  -0.03794560    -0.16028432  -0.05780470
    2    2
  0.26062780  -0.00000000    -0.00715659  -0.00605549     0.00489065  -0.00000000
 -0.00715659   0.00605549     0.30237676  -0.00000000    -0.00715659   0.00605549
  0.00489065  -0.00000000    -0.00715659  -0.00605549     0.26062780  -0.00000000

     Dynamical  Matrix in cartesian axes

     q = (    0.166666667   0.500000000   0.166666667 ) 

    1    1
  0.26062780  -0.00000000     0.00715659  -0.00605549     0.00489065  -0.00000000
  0.00715659   0.00605549     0.30237676  -0.00000000     0.00715659   0.00605549
  0.00489065  -0.00000000     0.00715659  -0.00605549     0.26062780  -0.00000000
    1    2
 -0.03008182   0.16771265    -0.02231250  -0.03724482    -0.11189771  -0.04128391
 -0.02231250  -0.03724482    -0.02477317   0.17861055    -0.02231250  -0.03724482
 -0.11189771  -0.04128391    -0.02231250  -0.03724482    -0.03008182   0.16771265
    2    1
 -0.03008182  -0.16771265    -0.02231250   0.03724482    -0.11189771   0.04128391
 -0.02231250   0.03724482    -0.02477317  -0.17861055    -0.02231250   0.03724482
 -0.11189771   0.04128391    -0.02231250   0.03724482    -0.03008182  -0.16771265
    2    2
  0.26062780   0.00000000     0.00715659   0.00605549     0.00489065   0.00000000
  0.00715659  -0.00605549     0.30237676   0.00000000     0.00715659  -0.00605549
  0.00489065   0.00000000     0.00715659   0.00605549     0.26062780   0.00000000

     Dynamical  Matrix in cartesian axes

     q = (   -0.166666667   0.500000000   0.166666667 ) 

    1    1
  0.26062780   0.00000000    -0.00715659  -0.00605549    -0.00489065   0.00000000
 -0.00715659   0.00605549     0.30237676  -0.00000000     0.00715659  -0.00605549
 -0.00489065   0.00000000     0.00715659   0.00605549     0.26062780   0.00000000
    1    2
 -0.13020250   0.10990794    -0.04341121  -0.00070078    -0.09170177  -0.07626431
 -0.04341121  -0.00070078    -0.14229469   0.11075947     0.04341121   0.00070078
 -0.09170177  -0.07626431     0.04341121   0.00070078    -0.13020250   0.10990794
    2    1
 -0.13020250  -0.10990794    -0.04341121   0.00070078    -0.09170177   0.07626431
 -0.04341121   0.00070078    -0.14229469  -0.11075947     0.04341121  -0.00070078
 -0.09170177   0.07626431     0.04341121  -0.00070078    -0.13020250  -0.10990794
    2    2
  0.26062780   0.00000000    -0.00715659   0.00605549    -0.00489065   0.00000000
 -0.00715659  -0.00605549     0.30237676   0.00000000     0.00715659   0.00605549
 -0.00489065   0.00000000     0.00715659  -0.00605549     0.26062780   0.00000000

     Dynamical  Matrix in cartesian axes

     q = (    0.166666667   0.500000000  -0.166666667 ) 

    1    1
  0.26062780   0.00000000     0.00715659   0.00605549    -0.00489065   0.00000000
  0.00715659  -0.00605549     0.30237676   0.00000000    -0.00715659   0.00605549
 -0.00489065   0.00000000    -0.00715659  -0.00605549     0.26062780   0.00000000
    1    2
 -0.13020250   0.10990794     0.04341121   0.00070078    -0.09170177  -0.07626431
  0.04341121   0.00070078    -0.14229469   0.11075947    -0.04341121  -0.00070078
 -0.09170177  -0.07626431    -0.04341121  -0.00070078    -0.13020250   0.10990794
    2    1
 -0.13020250  -0.10990794     0.04341121  -0.00070078    -0.09170177   0.07626431
  0.04341121  -0.00070078    -0.14229469  -0.11075947    -0.04341121   0.00070078
 -0.09170177   0.07626431    -0.04341121   0.00070078    -0.13020250  -0.10990794
    2    2
  0.26062780   0.00000000     0.00715659  -0.00605549    -0.00489065   0.00000000
  0.00715659   0.00605549     0.30237676  -0.00000000    -0.00715659  -0.00605549
 -0.00489065   0.00000000    -0.00715659   0.00605549     0.26062780   0.00000000

     Dynamical  Matrix in cartesian axes

     q = (    0.500000000  -0.166666667   0.166666667 ) 

    1    1
  0.30237676  -0.00000000    -0.00715659   0.00605549     0.00715659  -0.00605549
 -0.00715659  -0.00605549     0.26062780  -0.00000000    -0.00489065   0.00000000
  0.00715659   0.00605549    -0.00489065   0.00000000     0.26062780  -0.00000000
    1    2
 -0.14229469   0.11075947    -0.04341121  -0.00070078     0.04341121   0.00070078
 -0.04341121  -0.00070078    -0.13020250   0.10990794    -0.09170177  -0.07626431
  0.04341121   0.00070078    -0.09170177  -0.07626431    -0.13020250   0.10990794
    2    1
 -0.14229469  -0.11075947    -0.04341121   0.00070078     0.04341121  -0.00070078
 -0.04341121   0.00070078    -0.13020250  -0.10990794    -0.09170177   0.07626431
  0.04341121  -0.00070078    -0.09170177   0.07626431    -0.13020250  -0.10990794
    2    2
  0.30237676   0.00000000    -0.00715659  -0.00605549     0.00715659   0.00605549
 -0.00715659   0.00605549     0.26062780   0.00000000    -0.00489065  -0.00000000
  0.00715659  -0.00605549    -0.00489065  -0.00000000     0.26062780   0.00000000

     Dynamical  Matrix in cartesian axes

     q = (    0.166666667  -0.166666667   0.500000000 ) 

    1    1
  0.26062780  -0.00000000    -0.00489065   0.00000000     0.00715659   0.00605549
 -0.00489065   0.00000000     0.26062780  -0.00000000    -0.00715659  -0.00605549
  0.00715659  -0.00605549    -0.00715659   0.00605549     0.30237676  -0.00000000
    1    2
 -0.13020250   0.10990794    -0.09170177  -0.07626431     0.04341121   0.00070078
 -0.09170177  -0.07626431    -0.13020250   0.10990794    -0.04341121  -0.00070078
  0.04341121   0.00070078    -0.04341121  -0.00070078    -0.14229469   0.11075947
    2    1
 -0.13020250  -0.10990794    -0.09170177   0.07626431     0.04341121  -0.00070078
 -0.09170177   0.07626431    -0.13020250  -0.10990794    -0.04341121   0.00070078
  0.04341121  -0.00070078    -0.04341121   0.00070078    -0.14229469  -0.11075947
    2    2
  0.26062780   0.00000000    -0.00489065  -0.00000000     0.00715659  -0.00605549
 -0.00489065  -0.00000000     0.26062780   0.00000000    -0.00715659   0.00605549
  0.00715659   0.00605549    -0.00715659  -0.00605549     0.30237676   0.00000000

     Dynamical  Matrix in cartesian axes

     q = (   -0.166666667  -0.500000000  -0.166666667 ) 

    1    1
  0.26062780   0.00000000     0.00715659   0.00605549     0.00489065   0.00000000
  0.00715659  -0.00605549     0.30237676   0.00000000     0.00715659  -0.00605549
  0.00489065   0.00000000     0.00715659   0.00605549     0.26062780   0.00000000
    1    2
 -0.03008182  -0.16771265    -0.02231250   0.03724482    -0.11189771   0.04128391
 -0.02231250   0.03724482    -0.02477317  -0.17861055    -0.02231250   0.03724482
 -0.11189771   0.04128391    -0.02231250   0.03724482    -0.03008182  -0.16771265
    2    1
 -0.03008182   0.16771265    -0.02231250  -0.03724482    -0.11189771  -0.04128391
 -0.02231250  -0.03724482    -0.02477317   0.17861055    -0.02231250  -0.03724482
 -0.11189771  -0.04128391    -0.02231250  -0.03724482    -0.03008182   0.16771265
    2    2
  0.26062780  -0.00000000     0.00715659  -0.00605549     0.00489065  -0.00000000
  0.00715659   0.00605549     0.30237676  -0.00000000     0.00715659   0.00605549
  0.00489065  -0.00000000     0.00715659  -0.00605549     0.26062780  -0.00000000

     Dynamical  Matrix in cartesian axes

     q = (    0.166666667  -0.500000000  -0.166666667 ) 

    1    1
  0.26062780   0.00000000    -0.00715659   0.00605549    -0.00489065   0.00000000
 -0.00715659  -0.00605549     0.30237676   0.00000000     0.00715659   0.00605549
 -0.00489065   0.00000000     0.00715659  -0.00605549     0.26062780   0.00000000
    1    2
 -0.13020250  -0.10990794    -0.04341121   0.00070078    -0.09170177   0.07626431
 -0.04341121   0.00070078    -0.14229469  -0.11075947     0.04341121  -0.00070078
 -0.09170177   0.07626431     0.04341121  -0.00070078    -0.13020250  -0.10990794
    2    1
 -0.13020250   0.10990794    -0.04341121  -0.00070078    -0.09170177  -0.07626431
 -0.04341121  -0.00070078    -0.14229469   0.11075947     0.04341121   0.00070078
 -0.09170177  -0.07626431     0.04341121   0.00070078    -0.13020250   0.10990794
    2    2
  0.26062780   0.00000000    -0.00715659  -0.00605549    -0.00489065   0.00000000
 -0.00715659   0.00605549     0.30237676  -0.00000000     0.00715659  -0.00605549
 -0.00489065   0.00000000     0.00715659   0.00605549     0.26062780   0.00000000

     Dynamical  Matrix in cartesian axes

     q = (   -0.166666667  -0.500000000   0.166666667 ) 

    1    1
  0.26062780   0.00000000     0.00715659  -0.00605549    -0.00489065   0.00000000
  0.00715659   0.00605549     0.30237676  -0.00000000    -0.00715659  -0.00605549
 -0.00489065   0.00000000    -0.00715659   0.00605549     0.26062780   0.00000000
    1    2
 -0.13020250  -0.10990794     0.04341121  -0.00070078    -0.09170177   0.07626431
  0.04341121  -0.00070078    -0.14229469  -0.11075947    -0.04341121   0.00070078
 -0.09170177   0.07626431    -0.04341121   0.00070078    -0.13020250  -0.10990794
    2    1
 -0.13020250   0.10990794     0.04341121   0.00070078    -0.09170177  -0.07626431
  0.04341121   0.00070078    -0.14229469   0.11075947    -0.04341121  -0.00070078
 -0.09170177  -0.07626431    -0.04341121  -0.00070078    -0.13020250   0.10990794
    2    2
  0.26062780   0.00000000     0.00715659   0.00605549    -0.00489065   0.00000000
  0.00715659  -0.00605549     0.30237676   0.00000000    -0.00715659   0.00605549
 -0.00489065   0.00000000    -0.00715659  -0.00605549     0.26062780   0.00000000

     Dynamical  Matrix in cartesian axes

     q = (    0.500000000  -0.166666667  -0.166666667 ) 

    1    1
  0.30237676   0.00000000    -0.00715659  -0.00605549    -0.00715659  -0.00605549
 -0.00715659   0.00605549     0.26062780   0.00000000     0.00489065  -0.00000000
 -0.00715659   0.00605549     0.00489065  -0.00000000     0.26062780   0.00000000
    1    2
 -0.16706786   0.06785108    -0.02109871   0.03794560    -0.02109871   0.03794560
 -0.02109871   0.03794560    -0.16028432   0.05780470    -0.02019594  -0.11754821
 -0.02109871   0.03794560    -0.02019594  -0.11754821    -0.16028432   0.05780470
    2    1
 -0.16706786  -0.06785108    -0.02109871  -0.03794560    -0.02109871  -0.03794560
 -0.02109871  -0.03794560    -0.16028432  -0.05780470    -0.02019594   0.11754821
 -0.02109871  -0.03794560    -0.02019594   0.11754821    -0.16028432  -0.05780470
    2    2
  0.30237676  -0.00000000    -0.00715659   0.00605549    -0.00715659   0.00605549
 -0.00715659  -0.00605549     0.26062780  -0.00000000     0.00489065   0.00000000
 -0.00715659  -0.00605549     0.00489065   0.00000000     0.26062780  -0.00000000

     Dynamical  Matrix in cartesian axes

     q = (   -0.500000000  -0.166666667   0.166666667 ) 

    1    1
  0.30237676  -0.00000000     0.00715659   0.00605549    -0.00715659  -0.00605549
  0.00715659  -0.00605549     0.26062780  -0.00000000    -0.00489065   0.00000000
 -0.00715659   0.00605549    -0.00489065   0.00000000     0.26062780  -0.00000000
    1    2
 -0.14229469  -0.11075947     0.04341121  -0.00070078    -0.04341121   0.00070078
  0.04341121  -0.00070078    -0.13020250  -0.10990794    -0.09170177   0.07626431
 -0.04341121   0.00070078    -0.09170177   0.07626431    -0.13020250  -0.10990794
    2    1
 -0.14229469   0.11075947     0.04341121   0.00070078    -0.04341121  -0.00070078
  0.04341121   0.00070078    -0.13020250   0.10990794    -0.09170177  -0.07626431
 -0.04341121  -0.00070078    -0.09170177  -0.07626431    -0.13020250   0.10990794
    2    2
  0.30237676   0.00000000     0.00715659  -0.00605549    -0.00715659   0.00605549
  0.00715659   0.00605549     0.26062780   0.00000000    -0.00489065  -0.00000000
 -0.00715659  -0.00605549    -0.00489065  -0.00000000     0.26062780   0.00000000

     Dynamical  Matrix in cartesian axes

     q = (    0.500000000   0.166666667   0.166666667 ) 

    1    1
  0.30237676  -0.00000000     0.00715659   0.00605549     0.00715659   0.00605549
  0.00715659  -0.00605549     0.26062780  -0.00000000     0.00489065   0.00000000
  0.00715659  -0.00605549     0.00489065   0.00000000     0.26062780  -0.00000000
    1    2
 -0.02477317   0.17861055    -0.02231250  -0.03724482    -0.02231250  -0.03724482
 -0.02231250  -0.03724482    -0.03008182   0.16771265    -0.11189771  -0.04128391
 -0.02231250  -0.03724482    -0.11189771  -0.04128391    -0.03008182   0.16771265
    2    1
 -0.02477317  -0.17861055    -0.02231250   0.03724482    -0.02231250   0.03724482
 -0.02231250   0.03724482    -0.03008182  -0.16771265    -0.11189771   0.04128391
 -0.02231250   0.03724482    -0.11189771   0.04128391    -0.03008182  -0.16771265
    2    2
  0.30237676   0.00000000     0.00715659  -0.00605549     0.00715659  -0.00605549
  0.00715659   0.00605549     0.26062780   0.00000000     0.00489065  -0.00000000
  0.00715659   0.00605549     0.00489065  -0.00000000     0.26062780   0.00000000

     Dynamical  Matrix in cartesian axes

     q = (   -0.166666667   0.166666667  -0.500000000 ) 

    1    1
  0.26062780   0.00000000    -0.00489065  -0.00000000     0.00715659  -0.00605549
 -0.00489065  -0.00000000     0.26062780   0.00000000    -0.00715659   0.00605549
  0.00715659   0.00605549    -0.00715659  -0.00605549     0.30237676   0.00000000
    1    2
 -0.13020250  -0.10990794    -0.09170177   0.07626431     0.04341121  -0.00070078
 -0.09170177   0.07626431    -0.13020250  -0.10990794    -0.04341121   0.00070078
  0.04341121  -0.00070078    -0.04341121   0.00070078    -0.14229469  -0.11075947
    2    1
 -0.13020250   0.10990794    -0.09170177  -0.07626431     0.04341121   0.00070078
 -0.09170177  -0.07626431    -0.13020250   0.10990794    -0.04341121  -0.00070078
  0.04341121   0.00070078    -0.04341121  -0.00070078    -0.14229469   0.11075947
    2    2
  0.26062780  -0.00000000    -0.00489065   0.00000000     0.00715659   0.00605549
 -0.00489065   0.00000000     0.26062780  -0.00000000    -0.00715659  -0.00605549
  0.00715659  -0.00605549    -0.00715659   0.00605549     0.30237676  -0.00000000

     Dynamical  Matrix in cartesian axes

     q = (   -0.166666667  -0.166666667   0.500000000 ) 

    1    1
  0.26062780  -0.00000000     0.00489065  -0.00000000    -0.00715659   0.00605549
  0.00489065  -0.00000000     0.26062780  -0.00000000    -0.00715659   0.00605549
 -0.00715659  -0.00605549    -0.00715659  -0.00605549     0.30237676  -0.00000000
    1    2
 -0.16028432   0.05780470    -0.02019594  -0.11754821    -0.02109871   0.03794560
 -0.02019594  -0.11754821    -0.16028432   0.05780470    -0.02109871   0.03794560
 -0.02109871   0.03794560    -0.02109871   0.03794560    -0.16706786   0.06785108
    2    1
 -0.16028432  -0.05780470    -0.02019594   0.11754821    -0.02109871  -0.03794560
 -0.02019594   0.11754821    -0.16028432  -0.05780470    -0.02109871  -0.03794560
 -0.02109871  -0.03794560    -0.02109871  -0.03794560    -0.16706786  -0.06785108
    2    2
  0.26062780   0.00000000     0.00489065   0.00000000    -0.00715659  -0.00605549
  0.00489065   0.00000000     0.26062780   0.00000000    -0.00715659  -0.00605549
 -0.00715659   0.00605549    -0.00715659   0.00605549     0.30237676   0.00000000

     Dynamical  Matrix in cartesian axes

     q = (    0.166666667   0.166666667   0.500000000 ) 

    1    1
  0.26062780   0.00000000     0.00489065   0.00000000     0.00715659  -0.00605549
  0.00489065   0.00000000     0.26062780   0.00000000     0.00715659  -0.00605549
  0.00715659   0.00605549     0.00715659   0.00605549     0.30237676   0.00000000
    1    2
 -0.03008182   0.16771265    -0.11189771  -0.04128391    -0.02231250  -0.03724482
 -0.11189771  -0.04128391    -0.03008182   0.16771265    -0.02231250  -0.03724482
 -0.02231250  -0.03724482    -0.02231250  -0.03724482    -0.02477317   0.17861055
    2    1
 -0.03008182  -0.16771265    -0.11189771   0.04128391    -0.02231250   0.03724482
 -0.11189771   0.04128391    -0.03008182  -0.16771265    -0.02231250   0.03724482
 -0.02231250   0.03724482    -0.02231250   0.03724482    -0.02477317  -0.17861055
    2    2
  0.26062780  -0.00000000     0.00489065  -0.00000000     0.00715659   0.00605549
  0.00489065  -0.00000000     0.26062780  -0.00000000     0.00715659   0.00605549
  0.00715659  -0.00605549     0.00715659  -0.00605549     0.30237676  -0.00000000

     Dynamical  Matrix in cartesian axes

     q = (    0.166666667  -0.166666667  -0.500000000 ) 

    1    1
  0.26062780   0.00000000    -0.00489065  -0.00000000    -0.00715659   0.00605549
 -0.00489065  -0.00000000     0.26062780   0.00000000     0.00715659  -0.00605549
 -0.00715659  -0.00605549     0.00715659   0.00605549     0.30237676   0.00000000
    1    2
 -0.13020250  -0.10990794    -0.09170177   0.07626431    -0.04341121   0.00070078
 -0.09170177   0.07626431    -0.13020250  -0.10990794     0.04341121  -0.00070078
 -0.04341121   0.00070078     0.04341121  -0.00070078    -0.14229469  -0.11075947
    2    1
 -0.13020250   0.10990794    -0.09170177  -0.07626431    -0.04341121  -0.00070078
 -0.09170177  -0.07626431    -0.13020250   0.10990794     0.04341121   0.00070078
 -0.04341121  -0.00070078     0.04341121   0.00070078    -0.14229469   0.11075947
    2    2
  0.26062780  -0.00000000    -0.00489065   0.00000000    -0.00715659  -0.00605549
 -0.00489065   0.00000000     0.26062780  -0.00000000     0.00715659   0.00605549
 -0.00715659   0.00605549     0.00715659  -0.00605549     0.30237676  -0.00000000

     Dynamical  Matrix in cartesian axes

     q = (   -0.500000000   0.166666667  -0.166666667 ) 

    1    1
  0.30237676   0.00000000    -0.00715659  -0.00605549     0.00715659   0.00605549
 -0.00715659   0.00605549     0.26062780   0.00000000    -0.00489065  -0.00000000
  0.00715659  -0.00605549    -0.00489065  -0.00000000     0.26062780   0.00000000
    1    2
 -0.14229469  -0.11075947    -0.04341121   0.00070078     0.04341121  -0.00070078
 -0.04341121   0.00070078    -0.13020250  -0.10990794    -0.09170177   0.07626431
  0.04341121  -0.00070078    -0.09170177   0.07626431    -0.13020250  -0.10990794
    2    1
 -0.14229469   0.11075947    -0.04341121  -0.00070078     0.04341121   0.00070078
 -0.04341121  -0.00070078    -0.13020250   0.10990794    -0.09170177  -0.07626431
  0.04341121   0.00070078    -0.09170177  -0.07626431    -0.13020250   0.10990794
    2    2
  0.30237676  -0.00000000    -0.00715659   0.00605549     0.00715659  -0.00605549
 -0.00715659  -0.00605549     0.26062780  -0.00000000    -0.00489065   0.00000000
  0.00715659   0.00605549    -0.00489065   0.00000000     0.26062780  -0.00000000

     Dynamical  Matrix in cartesian axes

     q = (   -0.500000000  -0.166666667  -0.166666667 ) 

    1    1
  0.30237676   0.00000000     0.00715659  -0.00605549     0.00715659  -0.00605549
  0.00715659   0.00605549     0.26062780   0.00000000     0.00489065  -0.00000000
  0.00715659   0.00605549     0.00489065  -0.00000000     0.26062780   0.00000000
    1    2
 -0.02477317  -0.17861055    -0.02231250   0.03724482    -0.02231250   0.03724482
 -0.02231250   0.03724482    -0.03008182  -0.16771265    -0.11189771   0.04128391
 -0.02231250   0.03724482    -0.11189771   0.04128391    -0.03008182  -0.16771265
    2    1
 -0.02477317   0.17861055    -0.02231250  -0.03724482    -0.02231250  -0.03724482
 -0.02231250  -0.03724482    -0.03008182   0.16771265    -0.11189771  -0.04128391
 -0.02231250  -0.03724482    -0.11189771  -0.04128391    -0.03008182   0.16771265
    2    2
  0.30237676  -0.00000000     0.00715659   0.00605549     0.00715659   0.00605549
  0.00715659  -0.00605549     0.26062780  -0.00000000     0.00489065   0.00000000
  0.00715659  -0.00605549     0.00489065   0.00000000     0.26062780  -0.00000000

     Dynamical  Matrix in cartesian axes

     q = (    0.166666667  -0.500000000   0.166666667 ) 

    1    1
  0.26062780  -0.00000000    -0.00715659  -0.00605549     0.00489065  -0.00000000
 -0.00715659   0.00605549     0.30237676  -0.00000000    -0.00715659   0.00605549
  0.00489065  -0.00000000    -0.00715659  -0.00605549     0.26062780  -0.00000000
    1    2
 -0.16028432  -0.05780470    -0.02109871  -0.03794560    -0.02019594   0.11754821
 -0.02109871  -0.03794560    -0.16706786  -0.06785108    -0.02109871  -0.03794560
 -0.02019594   0.11754821    -0.02109871  -0.03794560    -0.16028432  -0.05780470
    2    1
 -0.16028432   0.05780470    -0.02109871   0.03794560    -0.02019594  -0.11754821
 -0.02109871   0.03794560    -0.16706786   0.06785108    -0.02109871   0.03794560
 -0.02019594  -0.11754821    -0.02109871   0.03794560    -0.16028432   0.05780470
    2    2
  0.26062780   0.00000000    -0.00715659   0.00605549     0.00489065   0.00000000
 -0.00715659  -0.00605549     0.30237676   0.00000000    -0.00715659  -0.00605549
  0.00489065   0.00000000    -0.00715659   0.00605549     0.26062780   0.00000000

     Dynamical  Matrix in cartesian axes

     q = (    0.500000000   0.166666667  -0.166666667 ) 

    1    1
  0.30237676   0.00000000     0.00715659  -0.00605549    -0.00715659   0.00605549
  0.00715659   0.00605549     0.26062780   0.00000000    -0.00489065  -0.00000000
 -0.00715659  -0.00605549    -0.00489065  -0.00000000     0.26062780   0.00000000
    1    2
 -0.14229469   0.11075947     0.04341121   0.00070078    -0.04341121  -0.00070078
  0.04341121   0.00070078    -0.13020250   0.10990794    -0.09170177  -0.07626431
 -0.04341121  -0.00070078    -0.09170177  -0.07626431    -0.13020250   0.10990794
    2    1
 -0.14229469  -0.11075947     0.04341121  -0.00070078    -0.04341121   0.00070078
  0.04341121  -0.00070078    -0.13020250  -0.10990794    -0.09170177   0.07626431
 -0.04341121   0.00070078    -0.09170177   0.07626431    -0.13020250  -0.10990794
    2    2
  0.30237676  -0.00000000     0.00715659   0.00605549    -0.00715659  -0.00605549
  0.00715659  -0.00605549     0.26062780  -0.00000000    -0.00489065   0.00000000
 -0.00715659   0.00605549    -0.00489065   0.00000000     0.26062780  -0.00000000

     Dynamical  Matrix in cartesian axes

     q = (    0.166666667   0.166666667  -0.500000000 ) 

    1    1
  0.26062780   0.00000000     0.00489065   0.00000000    -0.00715659  -0.00605549
  0.00489065   0.00000000     0.26062780   0.00000000    -0.00715659  -0.00605549
 -0.00715659   0.00605549    -0.00715659   0.00605549     0.30237676   0.00000000
    1    2
 -0.16028432  -0.05780470    -0.02019594   0.11754821    -0.02109871  -0.03794560
 -0.02019594   0.11754821    -0.16028432  -0.05780470    -0.02109871  -0.03794560
 -0.02109871  -0.03794560    -0.02109871  -0.03794560    -0.16706786  -0.06785108
    2    1
 -0.16028432   0.05780470    -0.02019594  -0.11754821    -0.02109871   0.03794560
 -0.02019594  -0.11754821    -0.16028432   0.05780470    -0.02109871   0.03794560
 -0.02109871   0.03794560    -0.02109871   0.03794560    -0.16706786   0.06785108
    2    2
  0.26062780  -0.00000000     0.00489065  -0.00000000    -0.00715659   0.00605549
  0.00489065  -0.00000000     0.26062780  -0.00000000    -0.00715659   0.00605549
 -0.00715659  -0.00605549    -0.00715659  -0.00605549     0.30237676  -0.00000000

     Dynamical  Matrix in cartesian axes

     q = (   -0.166666667  -0.166666667  -0.500000000 ) 

    1    1
  0.26062780  -0.00000000     0.00489065  -0.00000000     0.00715659   0.00605549
  0.00489065  -0.00000000     0.26062780  -0.00000000     0.00715659   0.00605549
  0.00715659  -0.00605549     0.00715659  -0.00605549     0.30237676  -0.00000000
    1    2
 -0.03008182  -0.16771265    -0.11189771   0.04128391    -0.02231250   0.03724482
 -0.11189771   0.04128391    -0.03008182  -0.16771265    -0.02231250   0.03724482
 -0.02231250   0.03724482    -0.02231250   0.03724482    -0.02477317  -0.17861055
    2    1
 -0.03008182   0.16771265    -0.11189771  -0.04128391    -0.02231250  -0.03724482
 -0.11189771  -0.04128391    -0.03008182   0.16771265    -0.02231250  -0.03724482
 -0.02231250  -0.03724482    -0.02231250  -0.03724482    -0.02477317   0.17861055
    2    2
  0.26062780   0.00000000     0.00489065   0.00000000     0.00715659  -0.00605549
  0.00489065   0.00000000     0.26062780   0.00000000     0.00715659  -0.00605549
  0.00715659   0.00605549     0.00715659   0.00605549     0.30237676   0.00000000

     Dynamical  Matrix in cartesian axes

     q = (   -0.500000000   0.166666667   0.166666667 ) 

    1    1
  0.30237676  -0.00000000    -0.00715659   0.00605549    -0.00715659   0.00605549
 -0.00715659  -0.00605549     0.26062780  -0.00000000     0.00489065   0.00000000
 -0.00715659  -0.00605549     0.00489065   0.00000000     0.26062780  -0.00000000
    1    2
 -0.16706786  -0.06785108    -0.02109871  -0.03794560    -0.02109871  -0.03794560
 -0.02109871  -0.03794560    -0.16028432  -0.05780470    -0.02019594   0.11754821
 -0.02109871  -0.03794560    -0.02019594   0.11754821    -0.16028432  -0.05780470
    2    1
 -0.16706786   0.06785108    -0.02109871   0.03794560    -0.02109871   0.03794560
 -0.02109871   0.03794560    -0.16028432   0.05780470    -0.02019594  -0.11754821
 -0.02109871   0.03794560    -0.02019594  -0.11754821    -0.16028432   0.05780470
    2    2
  0.30237676   0.00000000    -0.00715659  -0.00605549    -0.00715659  -0.00605549
 -0.00715659   0.00605549     0.26062780   0.00000000     0.00489065  -0.00000000
 -0.00715659   0.00605549     0.00489065  -0.00000000     0.26062780   0.00000000

     Dynamical  Matrix in cartesian axes

     q = (   -0.166666667   0.166666667   0.500000000 ) 

    1    1
  0.26062780  -0.00000000    -0.00489065   0.00000000    -0.00715659  -0.00605549
 -0.00489065   0.00000000     0.26062780  -0.00000000     0.00715659   0.00605549
 -0.00715659   0.00605549     0.00715659  -0.00605549     0.30237676  -0.00000000
    1    2
 -0.13020250   0.10990794    -0.09170177  -0.07626431    -0.04341121  -0.00070078
 -0.09170177  -0.07626431    -0.13020250   0.10990794     0.04341121   0.00070078
 -0.04341121  -0.00070078     0.04341121   0.00070078    -0.14229469   0.11075947
    2    1
 -0.13020250  -0.10990794    -0.09170177   0.07626431    -0.04341121   0.00070078
 -0.09170177   0.07626431    -0.13020250  -0.10990794     0.04341121  -0.00070078
 -0.04341121   0.00070078     0.04341121  -0.00070078    -0.14229469  -0.11075947
    2    2
  0.26062780   0.00000000    -0.00489065  -0.00000000    -0.00715659   0.00605549
 -0.00489065  -0.00000000     0.26062780   0.00000000     0.00715659  -0.00605549
 -0.00715659  -0.00605549     0.00715659   0.00605549     0.30237676   0.00000000

     Diagonalizing the dynamical matrix

     q = (   -0.166666667   0.500000000  -0.166666667 ) 

 **************************************************************************
     freq (    1) =       3.637610 [THz] =     121.337599 [cm-1]
 ( -0.312084  0.390645  0.000000 -0.000000  0.312084 -0.390645 ) 
 ( -0.500000 -0.000000  0.000000  0.000000  0.500000  0.000000 ) 
     freq (    2) =       4.545697 [THz] =     151.628127 [cm-1]
 ( -0.423781 -0.060631 -0.352062  0.097562 -0.423781 -0.060631 ) 
 ( -0.428097 -0.000000 -0.334696 -0.146441 -0.428097  0.000000 ) 
     freq (    3) =       7.474626 [THz] =     249.326701 [cm-1]
 (  0.152816  0.222335 -0.553447 -0.219373  0.152816  0.222335 ) 
 (  0.269788  0.000000 -0.494277 -0.331842  0.269788  0.000000 ) 
     freq (    4) =      13.819927 [THz] =     460.983145 [cm-1]
 ( -0.355895 -0.199034  0.383714  0.142169 -0.355895 -0.199034 ) 
 (  0.407769 -0.000000 -0.404293 -0.063210  0.407769  0.000000 ) 
     freq (    5) =      14.248392 [THz] =     475.275212 [cm-1]
 ( -0.312084  0.390645  0.000000  0.000000  0.312084 -0.390645 ) 
 (  0.500000 -0.000000 -0.000000 -0.000000 -0.500000  0.000000 ) 
     freq (    6) =      14.583654 [THz] =     486.458347 [cm-1]
 (  0.278168  0.017149  0.566458 -0.154212  0.278168  0.017149 ) 
 ( -0.278697  0.000000 -0.555896 -0.188776 -0.278697  0.000000 ) 
 **************************************************************************
