Dynamical matrix file
phonons of Si                                                              
  1    2   2  10.2000000   0.0000000   0.0000000   0.0000000   0.0000000   0.0000000
           1  'Si  '    25598.823011949724     
    1    1      0.0000000000      0.0000000000      0.0000000000
    2    1      0.2500000000      0.2500000000      0.2500000000

     Dynamical  Matrix in cartesian axes

     q = (    0.666666667  -0.333333333   1.000000000 ) 

    1    1
  0.25179123  -0.00000000    -0.00802656  -0.00000000     0.00000000   0.00100167
 -0.00802656  -0.00000000     0.29611800  -0.00000000     0.00000000  -0.01430650
  0.00000000  -0.00100167     0.00000000   0.01430650     0.26583410   0.00000000
    1    2
 -0.09146323   0.05280632    -0.06513937   0.03760823    -0.06995460  -0.12116492
 -0.06513937   0.03760823    -0.09689657   0.05594326     0.02259387   0.03913374
 -0.06995460  -0.12116492     0.02259387   0.03913374    -0.09849157   0.05686414
    2    1
 -0.09146323  -0.05280632    -0.06513937  -0.03760823    -0.06995460   0.12116492
 -0.06513937  -0.03760823    -0.09689657  -0.05594326     0.02259387  -0.03913374
 -0.06995460   0.12116492     0.02259387  -0.03913374    -0.09849157  -0.05686414
    2    2
  0.25179123   0.00000000    -0.00802656   0.00000000     0.00000000  -0.00100167
 -0.00802656   0.00000000     0.29611800   0.00000000     0.00000000   0.01430650
  0.00000000   0.00100167     0.00000000  -0.01430650     0.26583410   0.00000000

     Dynamical  Matrix in cartesian axes

     q = (    1.000000000   0.333333333   0.666666667 ) 

    1    1
  0.26583410   0.00000000     0.00000000   0.01430650     0.00000000   0.00100167
  0.00000000  -0.01430650     0.29611800   0.00000000     0.00802656  -0.00000000
  0.00000000  -0.00100167     0.00802656  -0.00000000     0.25179123   0.00000000
    1    2
  0.00000000  -0.11372827    -0.04518775   0.00000000    -0.13990920  -0.00000000
 -0.04518775  -0.00000000     0.00000000  -0.11188652     0.00000000   0.07521647
 -0.13990920  -0.00000000     0.00000000   0.07521647     0.00000000  -0.10561264
    2    1
  0.00000000   0.11372827    -0.04518775   0.00000000    -0.13990920   0.00000000
 -0.04518775   0.00000000     0.00000000   0.11188652    -0.00000000  -0.07521647
 -0.13990920   0.00000000    -0.00000000  -0.07521647     0.00000000   0.10561264
    2    2
  0.26583410  -0.00000000     0.00000000  -0.01430650     0.00000000  -0.00100167
  0.00000000   0.01430650     0.29611800  -0.00000000     0.00802656   0.00000000
  0.00000000   0.00100167     0.00802656   0.00000000     0.25179123  -0.00000000

     Dynamical  Matrix in cartesian axes

     q = (    0.666666667   0.333333333   1.000000000 ) 

    1    1
  0.25179123  -0.00000000     0.00802656  -0.00000000     0.00000000  -0.00100167
  0.00802656  -0.00000000     0.29611800  -0.00000000     0.00000000  -0.01430650
  0.00000000   0.00100167     0.00000000   0.01430650     0.26583410   0.00000000
    1    2
  0.00000000  -0.10561264    -0.00000000   0.07521647    -0.13990920   0.00000000
 -0.00000000   0.07521647     0.00000000  -0.11188652    -0.04518775   0.00000000
 -0.13990920  -0.00000000    -0.04518775   0.00000000     0.00000000  -0.11372827
    2    1
  0.00000000   0.10561264    -0.00000000  -0.07521647    -0.13990920   0.00000000
 -0.00000000  -0.07521647     0.00000000   0.11188652    -0.04518775   0.00000000
 -0.13990920   0.00000000    -0.04518775   0.00000000     0.00000000   0.11372827
    2    2
  0.25179123   0.00000000     0.00802656   0.00000000     0.00000000   0.00100167
  0.00802656   0.00000000     0.29611800   0.00000000     0.00000000   0.01430650
  0.00000000  -0.00100167     0.00000000  -0.01430650     0.26583410   0.00000000

     Dynamical  Matrix in cartesian axes

     q = (   -1.000000000  -0.333333333   0.666666667 ) 

    1    1
  0.26583410   0.00000000     0.00000000   0.01430650     0.00000000  -0.00100167
  0.00000000  -0.01430650     0.29611800   0.00000000    -0.00802656  -0.00000000
  0.00000000   0.00100167    -0.00802656  -0.00000000     0.25179123   0.00000000
    1    2
 -0.09849157   0.05686414     0.02259387   0.03913374    -0.06995460  -0.12116492
  0.02259387   0.03913374    -0.09689657   0.05594326    -0.06513937   0.03760823
 -0.06995460  -0.12116492    -0.06513937   0.03760823    -0.09146323   0.05280632
    2    1
 -0.09849157  -0.05686414     0.02259387  -0.03913374    -0.06995460   0.12116492
  0.02259387  -0.03913374    -0.09689657  -0.05594326    -0.06513937  -0.03760823
 -0.06995460   0.12116492    -0.06513937  -0.03760823    -0.09146323  -0.05280632
    2    2
  0.26583410  -0.00000000     0.00000000  -0.01430650     0.00000000   0.00100167
  0.00000000   0.01430650     0.29611800  -0.00000000    -0.00802656   0.00000000
  0.00000000  -0.00100167    -0.00802656   0.00000000     0.25179123  -0.00000000

     Dynamical  Matrix in cartesian axes

     q = (   -1.000000000  -0.333333333  -0.666666667 ) 

    1    1
  0.26583410  -0.00000000     0.00000000  -0.01430650     0.00000000  -0.00100167
  0.00000000   0.01430650     0.29611800  -0.00000000     0.00802656   0.00000000
  0.00000000   0.00100167     0.00802656   0.00000000     0.25179123  -0.00000000
    1    2
  0.00000000   0.11372827    -0.04518775   0.00000000    -0.13990920   0.00000000
 -0.04518775   0.00000000     0.00000000   0.11188652    -0.00000000  -0.07521647
 -0.13990920   0.00000000    -0.00000000  -0.07521647     0.00000000   0.10561264
    2    1
  0.00000000  -0.11372827    -0.04518775   0.00000000    -0.13990920  -0.00000000
 -0.04518775  -0.00000000     0.00000000  -0.11188652     0.00000000   0.07521647
 -0.13990920  -0.00000000     0.00000000   0.07521647     0.00000000  -0.10561264
    2    2
  0.26583410   0.00000000     0.00000000   0.01430650     0.00000000   0.00100167
  0.00000000  -0.01430650     0.29611800   0.00000000     0.00802656  -0.00000000
  0.00000000  -0.00100167     0.00802656  -0.00000000     0.25179123   0.00000000

     Dynamical  Matrix in cartesian axes

     q = (   -0.666666667  -0.333333333  -1.000000000 ) 

    1    1
  0.25179123   0.00000000     0.00802656   0.00000000     0.00000000   0.00100167
  0.00802656   0.00000000     0.29611800   0.00000000     0.00000000   0.01430650
  0.00000000  -0.00100167     0.00000000  -0.01430650     0.26583410   0.00000000
    1    2
  0.00000000   0.10561264    -0.00000000  -0.07521647    -0.13990920   0.00000000
 -0.00000000  -0.07521647     0.00000000   0.11188652    -0.04518775   0.00000000
 -0.13990920   0.00000000    -0.04518775   0.00000000     0.00000000   0.11372827
    2    1
  0.00000000  -0.10561264    -0.00000000   0.07521647    -0.13990920   0.00000000
 -0.00000000   0.07521647     0.00000000  -0.11188652    -0.04518775   0.00000000
 -0.13990920  -0.00000000    -0.04518775   0.00000000     0.00000000  -0.11372827
    2    2
  0.25179123  -0.00000000     0.00802656  -0.00000000     0.00000000  -0.00100167
  0.00802656  -0.00000000     0.29611800  -0.00000000     0.00000000  -0.01430650
  0.00000000   0.00100167     0.00000000   0.01430650     0.26583410   0.00000000

     Dynamical  Matrix in cartesian axes

     q = (    1.000000000   0.333333333  -0.666666667 ) 

    1    1
  0.26583410  -0.00000000     0.00000000  -0.01430650     0.00000000   0.00100167
  0.00000000   0.01430650     0.29611800  -0.00000000    -0.00802656   0.00000000
  0.00000000  -0.00100167    -0.00802656   0.00000000     0.25179123  -0.00000000
    1    2
 -0.09849157  -0.05686414     0.02259387  -0.03913374    -0.06995460   0.12116492
  0.02259387  -0.03913374    -0.09689657  -0.05594326    -0.06513937  -0.03760823
 -0.06995460   0.12116492    -0.06513937  -0.03760823    -0.09146323  -0.05280632
    2    1
 -0.09849157   0.05686414     0.02259387   0.03913374    -0.06995460  -0.12116492
  0.02259387   0.03913374    -0.09689657   0.05594326    -0.06513937   0.03760823
 -0.06995460  -0.12116492    -0.06513937   0.03760823    -0.09146323   0.05280632
    2    2
  0.26583410   0.00000000     0.00000000   0.01430650     0.00000000  -0.00100167
  0.00000000  -0.01430650     0.29611800   0.00000000    -0.00802656  -0.00000000
  0.00000000   0.00100167    -0.00802656  -0.00000000     0.25179123   0.00000000

     Dynamical  Matrix in cartesian axes

     q = (   -0.666666667   0.333333333   1.000000000 ) 

    1    1
  0.25179123   0.00000000    -0.00802656   0.00000000     0.00000000  -0.00100167
 -0.00802656   0.00000000     0.29611800   0.00000000     0.00000000   0.01430650
  0.00000000   0.00100167     0.00000000  -0.01430650     0.26583410   0.00000000
    1    2
 -0.09146323  -0.05280632    -0.06513937  -0.03760823    -0.06995460   0.12116492
 -0.06513937  -0.03760823    -0.09689657  -0.05594326     0.02259387  -0.03913374
 -0.06995460   0.12116492     0.02259387  -0.03913374    -0.09849157  -0.05686414
    2    1
 -0.09146323   0.05280632    -0.06513937   0.03760823    -0.06995460  -0.12116492
 -0.06513937   0.03760823    -0.09689657   0.05594326     0.02259387   0.03913374
 -0.06995460  -0.12116492     0.02259387   0.03913374    -0.09849157   0.05686414
    2    2
  0.25179123  -0.00000000    -0.00802656  -0.00000000     0.00000000   0.00100167
 -0.00802656  -0.00000000     0.29611800  -0.00000000     0.00000000  -0.01430650
  0.00000000  -0.00100167     0.00000000   0.01430650     0.26583410   0.00000000

     Dynamical  Matrix in cartesian axes

     q = (   -0.333333333   1.000000000   0.666666667 ) 

    1    1
  0.29611800   0.00000000     0.00000000  -0.01430650    -0.00802656   0.00000000
  0.00000000   0.01430650     0.26583410   0.00000000     0.00000000  -0.00100167
 -0.00802656   0.00000000     0.00000000   0.00100167     0.25179123   0.00000000
    1    2
 -0.09689657   0.05594326     0.02259387   0.03913374    -0.06513937   0.03760823
  0.02259387   0.03913374    -0.09849157   0.05686414    -0.06995460  -0.12116492
 -0.06513937   0.03760823    -0.06995460  -0.12116492    -0.09146323   0.05280632
    2    1
 -0.09689657  -0.05594326     0.02259387  -0.03913374    -0.06513937  -0.03760823
  0.02259387  -0.03913374    -0.09849157  -0.05686414    -0.06995460   0.12116492
 -0.06513937  -0.03760823    -0.06995460   0.12116492    -0.09146323  -0.05280632
    2    2
  0.29611800  -0.00000000     0.00000000   0.01430650    -0.00802656  -0.00000000
  0.00000000  -0.01430650     0.26583410  -0.00000000     0.00000000   0.00100167
 -0.00802656  -0.00000000     0.00000000  -0.00100167     0.25179123  -0.00000000

     Dynamical  Matrix in cartesian axes

     q = (    0.333333333   1.000000000  -0.666666667 ) 

    1    1
  0.29611800  -0.00000000     0.00000000   0.01430650    -0.00802656  -0.00000000
  0.00000000  -0.01430650     0.26583410  -0.00000000     0.00000000   0.00100167
 -0.00802656  -0.00000000     0.00000000  -0.00100167     0.25179123  -0.00000000
    1    2
 -0.09689657  -0.05594326     0.02259387  -0.03913374    -0.06513937  -0.03760823
  0.02259387  -0.03913374    -0.09849157  -0.05686414    -0.06995460   0.12116492
 -0.06513937  -0.03760823    -0.06995460   0.12116492    -0.09146323  -0.05280632
    2    1
 -0.09689657   0.05594326     0.02259387   0.03913374    -0.06513937   0.03760823
  0.02259387   0.03913374    -0.09849157   0.05686414    -0.06995460  -0.12116492
 -0.06513937   0.03760823    -0.06995460  -0.12116492    -0.09146323   0.05280632
    2    2
  0.29611800   0.00000000     0.00000000  -0.01430650    -0.00802656   0.00000000
  0.00000000   0.01430650     0.26583410   0.00000000     0.00000000  -0.00100167
 -0.00802656   0.00000000     0.00000000   0.00100167     0.25179123   0.00000000

     Dynamical  Matrix in cartesian axes

     q = (   -0.333333333  -1.000000000  -0.666666667 ) 

    1    1
  0.29611800  -0.00000000     0.00000000   0.01430650     0.00802656  -0.00000000
  0.00000000  -0.01430650     0.26583410  -0.00000000     0.00000000  -0.00100167
  0.00802656  -0.00000000     0.00000000   0.00100167     0.25179123  -0.00000000
    1    2
  0.00000000   0.11188652    -0.04518775   0.00000000    -0.00000000  -0.07521647
 -0.04518775   0.00000000     0.00000000   0.11372827    -0.13990920   0.00000000
 -0.00000000  -0.07521647    -0.13990920   0.00000000     0.00000000   0.10561264
    2    1
  0.00000000  -0.11188652    -0.04518775  -0.00000000    -0.00000000   0.07521647
 -0.04518775  -0.00000000     0.00000000  -0.11372827    -0.13990920  -0.00000000
 -0.00000000   0.07521647    -0.13990920  -0.00000000     0.00000000  -0.10561264
    2    2
  0.29611800   0.00000000     0.00000000  -0.01430650     0.00802656   0.00000000
  0.00000000   0.01430650     0.26583410   0.00000000     0.00000000   0.00100167
  0.00802656   0.00000000     0.00000000  -0.00100167     0.25179123   0.00000000

     Dynamical  Matrix in cartesian axes

     q = (    1.000000000  -0.666666667   0.333333333 ) 

    1    1
  0.26583410   0.00000000     0.00000000   0.00100167     0.00000000  -0.01430650
  0.00000000  -0.00100167     0.25179123   0.00000000    -0.00802656  -0.00000000
  0.00000000   0.01430650    -0.00802656   0.00000000     0.29611800   0.00000000
    1    2
 -0.09849157  -0.05686414    -0.06995460   0.12116492     0.02259387  -0.03913374
 -0.06995460   0.12116492    -0.09146323  -0.05280632    -0.06513937  -0.03760823
  0.02259387  -0.03913374    -0.06513937  -0.03760823    -0.09689657  -0.05594326
    2    1
 -0.09849157   0.05686414    -0.06995460  -0.12116492     0.02259387   0.03913374
 -0.06995460  -0.12116492    -0.09146323   0.05280632    -0.06513937   0.03760823
  0.02259387   0.03913374    -0.06513937   0.03760823    -0.09689657   0.05594326
    2    2
  0.26583410   0.00000000     0.00000000  -0.00100167     0.00000000   0.01430650
  0.00000000   0.00100167     0.25179123   0.00000000    -0.00802656   0.00000000
  0.00000000  -0.01430650    -0.00802656   0.00000000     0.29611800   0.00000000

     Dynamical  Matrix in cartesian axes

     q = (    1.000000000   0.666666667  -0.333333333 ) 

    1    1
  0.26583410   0.00000000     0.00000000  -0.00100167     0.00000000   0.01430650
  0.00000000   0.00100167     0.25179123   0.00000000    -0.00802656   0.00000000
  0.00000000  -0.01430650    -0.00802656   0.00000000     0.29611800   0.00000000
    1    2
 -0.09849157   0.05686414    -0.06995460  -0.12116492     0.02259387   0.03913374
 -0.06995460  -0.12116492    -0.09146323   0.05280632    -0.06513937   0.03760823
  0.02259387   0.03913374    -0.06513937   0.03760823    -0.09689657   0.05594326
    2    1
 -0.09849157  -0.05686414    -0.06995460   0.12116492     0.02259387  -0.03913374
 -0.06995460   0.12116492    -0.09146323  -0.05280632    -0.06513937  -0.03760823
  0.02259387  -0.03913374    -0.06513937  -0.03760823    -0.09689657  -0.05594326
    2    2
  0.26583410   0.00000000     0.00000000   0.00100167     0.00000000  -0.01430650
  0.00000000  -0.00100167     0.25179123   0.00000000    -0.00802656  -0.00000000
  0.00000000   0.01430650    -0.00802656   0.00000000     0.29611800   0.00000000

     Dynamical  Matrix in cartesian axes

     q = (   -0.333333333   0.666666667  -1.000000000 ) 

    1    1
  0.29611800   0.00000000    -0.00802656   0.00000000     0.00000000  -0.01430650
 -0.00802656   0.00000000     0.25179123   0.00000000     0.00000000   0.00100167
  0.00000000   0.01430650     0.00000000  -0.00100167     0.26583410   0.00000000
    1    2
 -0.09689657   0.05594326    -0.06513937   0.03760823     0.02259387   0.03913374
 -0.06513937   0.03760823    -0.09146323   0.05280632    -0.06995460  -0.12116492
  0.02259387   0.03913374    -0.06995460  -0.12116492    -0.09849157   0.05686414
    2    1
 -0.09689657  -0.05594326    -0.06513937  -0.03760823     0.02259387  -0.03913374
 -0.06513937  -0.03760823    -0.09146323  -0.05280632    -0.06995460   0.12116492
  0.02259387  -0.03913374    -0.06995460   0.12116492    -0.09849157  -0.05686414
    2    2
  0.29611800  -0.00000000    -0.00802656  -0.00000000     0.00000000   0.01430650
 -0.00802656  -0.00000000     0.25179123  -0.00000000     0.00000000  -0.00100167
  0.00000000  -0.01430650     0.00000000   0.00100167     0.26583410   0.00000000

     Dynamical  Matrix in cartesian axes

     q = (   -1.000000000  -0.666666667  -0.333333333 ) 

    1    1
  0.26583410   0.00000000     0.00000000  -0.00100167     0.00000000  -0.01430650
  0.00000000   0.00100167     0.25179123  -0.00000000     0.00802656  -0.00000000
  0.00000000   0.01430650     0.00802656   0.00000000     0.29611800  -0.00000000
    1    2
  0.00000000   0.11372827    -0.13990920   0.00000000    -0.04518775   0.00000000
 -0.13990920   0.00000000     0.00000000   0.10561264    -0.00000000  -0.07521647
 -0.04518775   0.00000000    -0.00000000  -0.07521647     0.00000000   0.11188652
    2    1
  0.00000000  -0.11372827    -0.13990920  -0.00000000    -0.04518775  -0.00000000
 -0.13990920  -0.00000000     0.00000000  -0.10561264     0.00000000   0.07521647
 -0.04518775   0.00000000     0.00000000   0.07521647     0.00000000  -0.11188652
    2    2
  0.26583410   0.00000000     0.00000000   0.00100167     0.00000000   0.01430650
  0.00000000  -0.00100167     0.25179123   0.00000000     0.00802656   0.00000000
  0.00000000  -0.01430650     0.00802656   0.00000000     0.29611800   0.00000000

     Dynamical  Matrix in cartesian axes

     q = (   -1.000000000   0.666666667   0.333333333 ) 

    1    1
  0.26583410   0.00000000     0.00000000   0.00100167     0.00000000   0.01430650
  0.00000000  -0.00100167     0.25179123   0.00000000     0.00802656   0.00000000
  0.00000000  -0.01430650     0.00802656   0.00000000     0.29611800   0.00000000
    1    2
 -0.00000000  -0.11372827    -0.13990920   0.00000000    -0.04518775   0.00000000
 -0.13990920   0.00000000    -0.00000000  -0.10561264     0.00000000   0.07521647
 -0.04518775   0.00000000     0.00000000   0.07521647    -0.00000000  -0.11188652
    2    1
 -0.00000000   0.11372827    -0.13990920  -0.00000000    -0.04518775   0.00000000
 -0.13990920  -0.00000000    -0.00000000   0.10561264     0.00000000  -0.07521647
 -0.04518775  -0.00000000     0.00000000  -0.07521647    -0.00000000   0.11188652
    2    2
  0.26583410   0.00000000     0.00000000  -0.00100167     0.00000000  -0.01430650
  0.00000000   0.00100167     0.25179123  -0.00000000     0.00802656  -0.00000000
  0.00000000   0.01430650     0.00802656   0.00000000     0.29611800  -0.00000000

     Dynamical  Matrix in cartesian axes

     q = (    0.333333333  -0.666666667   1.000000000 ) 

    1    1
  0.29611800  -0.00000000    -0.00802656  -0.00000000     0.00000000   0.01430650
 -0.00802656  -0.00000000     0.25179123  -0.00000000     0.00000000  -0.00100167
  0.00000000  -0.01430650     0.00000000   0.00100167     0.26583410   0.00000000
    1    2
 -0.09689657  -0.05594326    -0.06513937  -0.03760823     0.02259387  -0.03913374
 -0.06513937  -0.03760823    -0.09146323  -0.05280632    -0.06995460   0.12116492
  0.02259387  -0.03913374    -0.06995460   0.12116492    -0.09849157  -0.05686414
    2    1
 -0.09689657   0.05594326    -0.06513937   0.03760823     0.02259387   0.03913374
 -0.06513937   0.03760823    -0.09146323   0.05280632    -0.06995460  -0.12116492
  0.02259387   0.03913374    -0.06995460  -0.12116492    -0.09849157   0.05686414
    2    2
  0.29611800   0.00000000    -0.00802656   0.00000000     0.00000000  -0.01430650
 -0.00802656   0.00000000     0.25179123   0.00000000     0.00000000   0.00100167
  0.00000000   0.01430650     0.00000000  -0.00100167     0.26583410   0.00000000

     Dynamical  Matrix in cartesian axes

     q = (    0.333333333  -1.000000000   0.666666667 ) 

    1    1
  0.29611800   0.00000000     0.00000000  -0.01430650     0.00802656   0.00000000
  0.00000000   0.01430650     0.26583410   0.00000000     0.00000000   0.00100167
  0.00802656   0.00000000     0.00000000  -0.00100167     0.25179123   0.00000000
    1    2
 -0.00000000  -0.11188652    -0.04518775   0.00000000     0.00000000   0.07521647
 -0.04518775   0.00000000    -0.00000000  -0.11372827    -0.13990920   0.00000000
  0.00000000   0.07521647    -0.13990920   0.00000000    -0.00000000  -0.10561264
    2    1
 -0.00000000   0.11188652    -0.04518775  -0.00000000     0.00000000  -0.07521647
 -0.04518775  -0.00000000    -0.00000000   0.11372827    -0.13990920  -0.00000000
  0.00000000  -0.07521647    -0.13990920  -0.00000000    -0.00000000   0.10561264
    2    2
  0.29611800  -0.00000000     0.00000000   0.01430650     0.00802656  -0.00000000
  0.00000000  -0.01430650     0.26583410  -0.00000000     0.00000000  -0.00100167
  0.00802656  -0.00000000     0.00000000   0.00100167     0.25179123  -0.00000000

     Dynamical  Matrix in cartesian axes

     q = (    0.666666667  -1.000000000   0.333333333 ) 

    1    1
  0.25179123   0.00000000     0.00000000  -0.00100167     0.00802656   0.00000000
  0.00000000   0.00100167     0.26583410   0.00000000     0.00000000   0.01430650
  0.00802656   0.00000000     0.00000000  -0.01430650     0.29611800   0.00000000
    1    2
  0.00000000  -0.10561264    -0.13990920  -0.00000000    -0.00000000   0.07521647
 -0.13990920  -0.00000000     0.00000000  -0.11372827    -0.04518775   0.00000000
  0.00000000   0.07521647    -0.04518775  -0.00000000     0.00000000  -0.11188652
    2    1
  0.00000000   0.10561264    -0.13990920   0.00000000    -0.00000000  -0.07521647
 -0.13990920   0.00000000     0.00000000   0.11372827    -0.04518775   0.00000000
 -0.00000000  -0.07521647    -0.04518775   0.00000000     0.00000000   0.11188652
    2    2
  0.25179123   0.00000000     0.00000000   0.00100167     0.00802656   0.00000000
  0.00000000  -0.00100167     0.26583410   0.00000000     0.00000000  -0.01430650
  0.00802656   0.00000000     0.00000000   0.01430650     0.29611800   0.00000000

     Dynamical  Matrix in cartesian axes

     q = (    0.333333333   0.666666667   1.000000000 ) 

    1    1
  0.29611800   0.00000000     0.00802656   0.00000000     0.00000000  -0.01430650
  0.00802656   0.00000000     0.25179123   0.00000000     0.00000000  -0.00100167
  0.00000000   0.01430650     0.00000000   0.00100167     0.26583410   0.00000000
    1    2
  0.00000000  -0.11188652    -0.00000000   0.07521647    -0.04518775  -0.00000000
 -0.00000000   0.07521647     0.00000000  -0.10561264    -0.13990920  -0.00000000
 -0.04518775   0.00000000    -0.13990920  -0.00000000     0.00000000  -0.11372827
    2    1
  0.00000000   0.11188652    -0.00000000  -0.07521647    -0.04518775   0.00000000
 -0.00000000  -0.07521647     0.00000000   0.10561264    -0.13990920   0.00000000
 -0.04518775   0.00000000    -0.13990920   0.00000000     0.00000000   0.11372827
    2    2
  0.29611800  -0.00000000     0.00802656  -0.00000000     0.00000000   0.01430650
  0.00802656  -0.00000000     0.25179123  -0.00000000     0.00000000   0.00100167
  0.00000000  -0.01430650     0.00000000  -0.00100167     0.26583410   0.00000000

     Dynamical  Matrix in cartesian axes

     q = (   -0.333333333  -0.666666667  -1.000000000 ) 

    1    1
  0.29611800  -0.00000000     0.00802656  -0.00000000     0.00000000   0.01430650
  0.00802656  -0.00000000     0.25179123  -0.00000000     0.00000000   0.00100167
  0.00000000  -0.01430650     0.00000000  -0.00100167     0.26583410   0.00000000
    1    2
  0.00000000   0.11188652    -0.00000000  -0.07521647    -0.04518775   0.00000000
 -0.00000000  -0.07521647     0.00000000   0.10561264    -0.13990920   0.00000000
 -0.04518775   0.00000000    -0.13990920   0.00000000     0.00000000   0.11372827
    2    1
  0.00000000  -0.11188652    -0.00000000   0.07521647    -0.04518775  -0.00000000
 -0.00000000   0.07521647     0.00000000  -0.10561264    -0.13990920  -0.00000000
 -0.04518775   0.00000000    -0.13990920  -0.00000000     0.00000000  -0.11372827
    2    2
  0.29611800   0.00000000     0.00802656   0.00000000     0.00000000  -0.01430650
  0.00802656   0.00000000     0.25179123   0.00000000     0.00000000  -0.00100167
  0.00000000   0.01430650     0.00000000   0.00100167     0.26583410   0.00000000

     Dynamical  Matrix in cartesian axes

     q = (   -0.666666667  -1.000000000   0.333333333 ) 

    1    1
  0.25179123   0.00000000     0.00000000  -0.00100167    -0.00802656   0.00000000
  0.00000000   0.00100167     0.26583410   0.00000000     0.00000000  -0.01430650
 -0.00802656   0.00000000     0.00000000   0.01430650     0.29611800   0.00000000
    1    2
 -0.09146323  -0.05280632    -0.06995460   0.12116492    -0.06513937  -0.03760823
 -0.06995460   0.12116492    -0.09849157  -0.05686414     0.02259387  -0.03913374
 -0.06513937  -0.03760823     0.02259387  -0.03913374    -0.09689657  -0.05594326
    2    1
 -0.09146323   0.05280632    -0.06995460  -0.12116492    -0.06513937   0.03760823
 -0.06995460  -0.12116492    -0.09849157   0.05686414     0.02259387   0.03913374
 -0.06513937   0.03760823     0.02259387   0.03913374    -0.09689657   0.05594326
    2    2
  0.25179123  -0.00000000     0.00000000   0.00100167    -0.00802656  -0.00000000
  0.00000000  -0.00100167     0.26583410   0.00000000     0.00000000   0.01430650
 -0.00802656  -0.00000000     0.00000000  -0.01430650     0.29611800  -0.00000000

     Dynamical  Matrix in cartesian axes

     q = (    0.666666667   1.000000000  -0.333333333 ) 

    1    1
  0.25179123  -0.00000000     0.00000000   0.00100167    -0.00802656  -0.00000000
  0.00000000  -0.00100167     0.26583410   0.00000000     0.00000000   0.01430650
 -0.00802656  -0.00000000     0.00000000  -0.01430650     0.29611800  -0.00000000
    1    2
 -0.09146323   0.05280632    -0.06995460  -0.12116492    -0.06513937   0.03760823
 -0.06995460  -0.12116492    -0.09849157   0.05686414     0.02259387   0.03913374
 -0.06513937   0.03760823     0.02259387   0.03913374    -0.09689657   0.05594326
    2    1
 -0.09146323  -0.05280632    -0.06995460   0.12116492    -0.06513937  -0.03760823
 -0.06995460   0.12116492    -0.09849157  -0.05686414     0.02259387  -0.03913374
 -0.06513937  -0.03760823     0.02259387  -0.03913374    -0.09689657  -0.05594326
    2    2
  0.25179123   0.00000000     0.00000000  -0.00100167    -0.00802656   0.00000000
  0.00000000   0.00100167     0.26583410   0.00000000     0.00000000  -0.01430650
 -0.00802656   0.00000000     0.00000000   0.01430650     0.29611800   0.00000000

     Dynamical  Matrix in cartesian axes

     q = (   -0.666666667  -1.000000000  -0.333333333 ) 

    1    1
  0.25179123   0.00000000     0.00000000   0.00100167     0.00802656   0.00000000
  0.00000000  -0.00100167     0.26583410   0.00000000     0.00000000  -0.01430650
  0.00802656   0.00000000     0.00000000   0.01430650     0.29611800   0.00000000
    1    2
 -0.00000000   0.10561264    -0.13990920  -0.00000000     0.00000000  -0.07521647
 -0.13990920  -0.00000000    -0.00000000   0.11372827    -0.04518775   0.00000000
  0.00000000  -0.07521647    -0.04518775  -0.00000000    -0.00000000   0.11188652
    2    1
 -0.00000000  -0.10561264    -0.13990920   0.00000000     0.00000000   0.07521647
 -0.13990920   0.00000000    -0.00000000  -0.11372827    -0.04518775   0.00000000
  0.00000000   0.07521647    -0.04518775   0.00000000    -0.00000000  -0.11188652
    2    2
  0.25179123   0.00000000     0.00000000  -0.00100167     0.00802656   0.00000000
  0.00000000   0.00100167     0.26583410   0.00000000     0.00000000   0.01430650
  0.00802656   0.00000000     0.00000000  -0.01430650     0.29611800   0.00000000

     Diagonalizing the dynamical matrix

     q = (    0.666666667  -0.333333333   1.000000000 ) 

 **************************************************************************
     freq (    1) =       4.890942 [THz] =     163.144266 [cm-1]
 ( -0.303101 -0.524987 -0.148798 -0.257725  0.181567 -0.104828 ) 
 ( -0.000000 -0.606202 -0.000000 -0.297596 -0.209656  0.000000 ) 
     freq (    2) =       5.513667 [THz] =     183.916148 [cm-1]
 ( -0.163864 -0.283821  0.060992  0.105642 -0.532246  0.307292 ) 
 (  0.000000  0.327728  0.000000 -0.121985 -0.614584  0.000000 ) 
     freq (    3) =       8.710341 [THz] =     290.545693 [cm-1]
 ( -0.094452 -0.163595  0.302641  0.524190  0.271039 -0.156484 ) 
 ( -0.000000 -0.188903  0.000000  0.605282 -0.312969  0.000000 ) 
     freq (    4) =      12.627570 [THz] =     421.210408 [cm-1]
 (  0.188197  0.325967 -0.258079 -0.447007 -0.262546  0.151581 ) 
 ( -0.000000 -0.376394  0.000000  0.516159 -0.303162  0.000000 ) 
     freq (    5) =      14.073541 [THz] =     469.442807 [cm-1]
 (  0.250460  0.433810  0.233827  0.405000 -0.150944  0.087148 ) 
 (  0.000000 -0.500920  0.000000 -0.467653 -0.174295  0.000000 ) 
     freq (    6) =      14.155621 [THz] =     472.180692 [cm-1]
 (  0.155591  0.269491 -0.106149 -0.183856  0.518239 -0.299205 ) 
 ( -0.000000  0.311182 -0.000000 -0.212299 -0.598411  0.000000 ) 
 **************************************************************************
